1 0 0 -2.5 0 0 0 1
2 -0.00529947 -0.00224553 -2.49933 0.00048128 0.000711278 0.000150871 1
3 -0.00439178 -0.00104301 -2.50035 0.00324056 -0.00027826 0.00109944 0.999994
4 -0.00785681 -0.00216951 -2.49931 0.00222771 -0.00266341 0.000124259 0.999994
5 -0.00557164 -0.0036522 -2.50026 0.00166028 -0.00303924 -0.000116797 0.999994
6 -0.00578308 -0.00259518 -2.49953 0.00284958 -0.00232573 -0.000337387 0.999993
7 -0.00810371 -0.00156207 -2.49965 0.0025773 -0.00109199 -0.00158786 0.999995
8 -0.0107469 -0.000849007 -2.498 0.00209801 -0.00127317 -0.00248655 0.999994
9 -0.0108738 -0.00308216 -2.49649 0.00291027 -0.00275956 -0.00375697 0.999985
10 -0.0118196 -0.00227992 -2.49438 0.00365669 -0.00287823 -0.00372931 0.999982
11 -0.0138204 -0.00103698 -2.49473 0.00186641 -0.00300487 -0.00346565 0.999988
12 -0.0169319 -0.00189328 -2.49432 0.00227879 -0.00226196 -0.00400847 0.999987
13 -0.0179812 -0.00310836 -2.49378 0.00150843 -0.00100908 -0.00314517 0.999993
14 -0.0212299 -0.00422972 -2.4928 0.00266678 -0.000547393 -0.00238421 0.999993
15 -0.0221808 -0.0030943 -2.49407 0.00530335 -0.000852302 -0.0018225 0.999984
16 -0.023115 -0.00203537 -2.49631 0.00417495 0.00164855 -0.001232 0.999989
17 -0.0252069 -0.00338596 -2.4947 0.00367871 0.0019818 -0.00223711 0.999989
18 -0.0275376 -0.00282095 -2.49557 0.00273885 0.00211994 -0.0030744 0.999989
19 -0.0296675 -0.000362416 -2.49559 0.00307317 0.00444809 -0.00534838 0.999971
20 -0.032823 -0.00239821 -2.49361 0.00233224 0.00540566 -0.00747255 0.999955
21 -0.0382727 0.000960932 -2.49348 0.000283717 0.00594796 -0.00954649 0.999937
22 -0.0377614 0.00153434 -2.49425 0.00167244 0.00595826 -0.0106668 0.999924
23 -0.0460544 0.000274158 -2.49719 0.000498166 0.0095304 -0.0092222 0.999912
24 -0.0462414 -0.000341039 -2.49783 0.000596694 0.0102657 -0.0110644 0.999886
25 -0.0526211 0.00290021 -2.49634 0.000636795 0.0112456 -0.0117845 0.999867
26 -0.0592552 0.00282472 -2.49675 0.000370158 0.0132974 -0.0131985 0.999824
27 -0.0670571 0.00106262 -2.49754 -5.29731e-05 0.0167341 -0.0128238 0.999778
28 -0.0746575 0.00112337 -2.50121 0.000666163 0.0193039 -0.0102654 0.999761
29 -0.0867622 0.00256093 -2.5007 0.000666812 0.0207971 -0.00910875 0.999742
30 -0.0945315 0.0025599 -2.50203 -1.15527e-05 0.0227069 -0.00824972 0.999708
31 -0.101206 0.000794538 -2.50539 -0.000184486 0.0247087 -0.00755001 0.999666
32 -0.107409 0.00133601 -2.50596 -0.000667416 0.0264125 -0.00772736 0.999621
33 -0.13832 0.00203336 -2.50762 0.000188996 0.0290635 -0.0074946 0.999549
34 -0.142338 0.00176501 -2.51217 -0.00188843 0.0294067 -0.00613128 0.999547
35 -0.148798 0.00134483 -2.51344 -0.00233169 0.0281777 -0.00540985 0.999586
36 -0.162196 0.00502666 -2.51116 -0.000550421 0.0286021 -0.00631265 0.999571
37 -0.175127 0.00610193 -2.51133 -0.00195056 0.0298831 -0.00645021 0.999531
38 -0.178448 0.00615728 -2.51481 -0.00206468 0.0310552 -0.00615568 0.999497
39 -0.191248 0.0083929 -2.51319 -0.00340314 0.0335707 -0.00559398 0.999415
40 -0.20322 0.008688 -2.5122 -0.00517623 0.03654 -0.00659016 0.999297
41 -0.218307 0.00725552 -2.50938 -0.00664928 0.040574 -0.00825574 0.99912
42 -0.224651 0.00952519 -2.5054 -0.00637254 0.0431653 -0.00863718 0.99901
43 -0.229568 0.0101336 -2.50862 -0.00453411 0.0453085 -0.00961847 0.998916
44 -0.239039 0.010117 -2.50562 -0.00498522 0.044469 -0.00984345 0.99895
45 -0.244633 0.00986529 -2.50589 -0.0038288 0.0452138 -0.0101122 0.998919
46 -0.246592 0.0110543 -2.50572 -0.00153026 0.0452821 -0.011458 0.998907
47 -0.253566 0.0102147 -2.50638 -0.00245584 0.046058 -0.0140772 0.998837
48 -0.260286 0.00950217 -2.50566 -0.00277419 0.0476195 -0.0145276 0.998756
49 -0.275362 0.0121889 -2.50162 -0.00133929 0.0507431 -0.0142859 0.998609
50 -0.272029 0.0111597 -2.50502 -0.00192211 0.0515457 -0.013951 0.998571
51 -0.277277 0.0106185 -2.50653 -0.000791485 0.0508653 -0.0158339 0.99858
52 -0.280449 0.0133195 -2.51059 0.0028014 0.0508046 -0.017307 0.998555
53 -0.293712 0.0146496 -2.50522 0.0016647 0.0535908 -0.0176096 0.998406
54 -0.297866 0.0139336 -2.50489 -0.00018053 0.0532595 -0.0175538 0.998426
55 -0.318907 0.0133462 -2.49669 -0.000790827 0.0578431 -0.0190501 0.998144
56 -0.326146 0.0180861 -2.49702 -0.000871261 0.0607792 -0.0183552 0.997982
57 -0.337867 0.0193822 -2.49542 -0.00101263 0.0629002 -0.0166527 0.99788
58 -0.355575 0.0180056 -2.4908 -0.00144451 0.0638315 -0.0170169 0.997815
59 -0.359427 0.0204211 -2.49345 0.000881892 0.0653831 -0.0163745 0.997725
60 -0.367385 0.0224632 -2.4947 0.000610866 0.0678446 -0.0145511 0.99759
61 -0.394085 0.0216777 -2.48422 -0.00123335 0.0730793 -0.012816 0.997243
62 -0.4029 0.0225772 -2.4834 -0.00205636 0.0753698 -0.0125963 0.997074
63 -0.416004 0.0209408 -2.47733 -0.00245048 0.0798193 -0.0109659 0.996746
64 -0.430569 0.0234554 -2.47411 -0.0023515 0.0842381 -0.00780594 0.996412
65 -0.442505 0.0217824 -2.47133 -0.00441136 0.0883264 -0.00699384 0.996057
66 -0.45409 0.0197599 -2.46965 -0.00471819 0.0917518 -0.00766817 0.995741
67 -0.465803 0.0208096 -2.47149 -0.00562223 0.0965235 -0.00660218 0.995293
68 -0.474995 0.0205855 -2.46613 -0.00616471 0.0995772 -0.00893105 0.994971
69 -0.486662 0.0189653 -2.46596 -0.00692844 0.103475 -0.0103383 0.994554
70 -0.494639 0.0198396 -2.46862 -0.00806654 0.104309 -0.0121452 0.994438
71 -0.513824 0.0149678 -2.46669 -0.00978056 0.107519 -0.0159459 0.994027
72 -0.524187 0.0147257 -2.46368 -0.0103536 0.110519 -0.0173415 0.993669
73 -0.52518 0.0122608 -2.46655 -0.00942756 0.111323 -0.0172202 0.99359
74 -0.528821 0.0072982 -2.46737 -0.0102534 0.113622 -0.0192133 0.993285
75 -0.52926 0.0041429 -2.47413 -0.0108123 0.11447 -0.020562 0.993155
76 -0.531291 0.0026975 -2.48279 -0.00606646 0.116345 -0.022441 0.992937
77 -0.529025 0.00336421 -2.48995 -0.00375917 0.118364 -0.0218198 0.992723
78 -0.535288 -0.00212483 -2.49119 -0.00307813 0.121515 -0.0221021 0.992339
79 -0.537466 -0.00621572 -2.49434 -0.00146587 0.12349 -0.0212385 0.992117
80 -0.551242 -0.00455792 -2.49124 0.00187413 0.12807 -0.0216758 0.991526
81 -0.561521 -0.00500473 -2.49176 0.00172915 0.132558 -0.0223214 0.990922
82 -0.569639 -0.0060323 -2.4965 0.0014835 0.135729 -0.0241715 0.99045
83 -0.583165 -0.00442989 -2.49772 0.00263995 0.140932 -0.0236186 0.989734
84 -0.597835 -0.00398622 -2.49711 0.00317939 0.147047 -0.0238979 0.988836
85 -0.614087 -0.00419457 -2.49278 0.00339079 0.154407 -0.0239212 0.987712
86 -0.625179 -0.00141014 -2.49261 0.00296087 0.157017 -0.0224598 0.987336
87 -0.638786 -0.00230354 -2.49426 0.00300534 0.159533 -0.0223787 0.986934
88 -0.649556 -0.00273744 -2.49305 0.00387635 0.162981 -0.0192766 0.986433
89 -0.657169 0.000283738 -2.49362 0.00398178 0.166013 -0.0169732 0.985969
90 -0.67306 0.00214097 -2.49037 0.00461295 0.17038 -0.0154011 0.985247
91 -0.690987 0.000766111 -2.48441 0.00389855 0.176098 -0.0152491 0.984247
92 -0.696356 0.00266627 -2.48815 0.0032174 0.177078 -0.0150976 0.984076
93 -0.70317 0.00654165 -2.48877 0.00460952 0.179805 -0.0156058 0.983568
94 -0.71692 0.00727967 -2.48312 0.0035536 0.18366 -0.0146488 0.982874
95 -0.72971 0.00691236 -2.48494 0.00522855 0.18727 -0.016346 0.982159
96 -0.735142 0.00978731 -2.4828 0.00481412 0.188422 -0.0177939 0.981915
97 -0.752257 0.0122296 -2.47858 0.00364451 0.192416 -0.0187132 0.981128
98 -0.759367 0.0111839 -2.47535 0.0018346 0.193634 -0.0190002 0.980888
99 -0.768347 0.0132271 -2.46809 0.000988214 0.194405 -0.0187771 0.980741
100 -0.776827 0.0153675 -2.46288 0.00135644 0.196715 -0.019721 0.980261
101 -0.779979 0.0174605 -2.46188 0.000935781 0.197559 -0.0192262 0.980102
102 -0.791423 0.0188228 -2.45461 -0.00090905 0.202674 -0.0200248 0.979041
103 -0.804148 0.0214867 -2.44071 -0.00294736 0.206205 -0.0173977 0.97835
104 -0.806039 0.0226767 -2.44095 -0.00452345 0.207579 -0.0166981 0.978065
105 -0.812257 0.0224846 -2.43586 -0.00438908 0.212398 -0.0145991 0.977064
106 -0.810405 0.0253705 -2.43877 -0.00425565 0.214187 -0.0133635 0.976692
107 -0.821806 0.0284452 -2.43002 -0.00473305 0.217066 -0.0142773 0.976041
108 -0.825207 0.0274063 -2.42781 -0.00602709 0.219711 -0.0144834 0.975439
109 -0.834346 0.0290609 -2.41885 -0.00783899 0.224748 -0.0143931 0.974279
110 -0.841698 0.0314347 -2.41105 -0.00829669 0.228005 -0.0145662 0.973516
111 -0.85074 0.032154 -2.4015 -0.00830923 0.23208 -0.0152277 0.972542
112 -0.856551 0.0324831 -2.39587 -0.0113698 0.235277 -0.014453 0.971754
113 -0.866362 0.0347251 -2.38362 -0.0123348 0.239385 -0.0143021 0.970741
114 -0.867803 0.0343463 -2.38409 -0.0140252 0.241127 -0.0120083 0.970318
115 -0.880268 0.0332513 -2.37245 -0.0160812 0.245489 -0.0112071 0.969201
116 -0.888878 0.0317205 -2.35928 -0.0167372 0.249073 -0.00829645 0.968305
117 -0.893677 0.0341068 -2.35394 -0.0132754 0.25178 -0.0099477 0.967642
118 -0.901331 0.0349867 -2.34526 -0.0145979 0.255475 -0.0115496 0.966637
119 -0.90876 0.0334669 -2.33506 -0.0146342 0.259217 -0.0104447 0.965652
120 -0.91726 0.0357526 -2.31623 -0.0157332 0.263207 -0.00992289 0.96456
121 -0.918291 0.0328635 -2.31603 -0.0167674 0.263831 -0.00922057 0.964379
122 -0.92405 0.0292936 -2.31024 -0.0164633 0.267484 -0.00927822 0.963377
123 -0.935452 0.0287229 -2.29412 -0.0141858 0.272889 -0.00978237 0.961891
124 -0.939032 0.0297654 -2.28848 -0.0140729 0.276587 -0.0108852 0.960824
125 -0.945256 0.0285147 -2.28088 -0.014153 0.280141 -0.011159 0.95979
126 -0.956246 0.0279435 -2.26207 -0.0132259 0.286397 -0.012363 0.95794
127 -0.962517 0.0286828 -2.25658 -0.0133736 0.290441 -0.0121914 0.956722
128 -0.96837 0.0291092 -2.2491 -0.0130252 0.292831 -0.0144675 0.955966
129 -0.978472 0.0298069 -2.23114 -0.0127963 0.298061 -0.0148507 0.954346
130 -0.983002 0.0295602 -2.22669 -0.0112507 0.302466 -0.0149593 0.952977
131 -0.984335 0.0297785 -2.22809 -0.0106675 0.305053 -0.0140127 0.952172
132 -0.996101 0.032457 -2.20942 -0.0104968 0.309814 -0.0111091 0.950674
133 -1.00564 0.0304545 -2.19105 -0.0110745 0.316735 -0.0113491 0.948381
134 -1.00913 0.0321891 -2.18771 -0.010389 0.32071 -0.011837 0.947046
135 -1.0177 0.0324433 -2.17466 -0.00954839 0.325062 -0.01033 0.945588
136 -1.02465 0.0326631 -2.1654 -0.00829185 0.328697 -0.00886515 0.944358
137 -1.03008 0.0343732 -2.15981 -0.00844205 0.334698 -0.00710325 0.942261
138 -1.03835 0.0382383 -2.15476 -0.00997792 0.339982 -0.00485101 0.940366
139 -1.04998 0.0382596 -2.13967 -0.0120457 0.346834 -0.0037213 0.937842
140 -1.05626 0.0385666 -2.13334 -0.0143791 0.351489 -0.00338805 0.936075
141 -1.06752 0.0405403 -2.11719 -0.0153922 0.359234 -0.0027576 0.933117
142 -1.07247 0.0382813 -2.10709 -0.0149003 0.363183 -0.00236942 0.931596
143 -1.07898 0.036651 -2.0984 -0.0145423 0.367028 -0.00196529 0.930094
144 -1.08455 0.0392833 -2.09205 -0.0138041 0.370671 -0.00266416 0.928658
145 -1.09136 0.0398155 -2.08159 -0.0138191 0.376471 -0.00382878 0.926318
146 -1.10576 0.0435166 -2.06223 -0.0135242 0.383423 -0.00605872 0.923454
147 -1.10682 0.0443256 -2.05984 -0.0140996 0.388824 -0.00870086 0.921163
148 -1.11235 0.0446695 -2.04761 -0.0138868 0.394158 -0.0101524 0.918882
149 -1.11637 0.046711 -2.03698 -0.0139573 0.39819 -0.010399 0.917138
150 -1.12131 0.0464061 -2.02673 -0.0145087 0.402405 -0.0123061 0.915264
151 -1.12282 0.0453009 -2.01674 -0.015269 0.405995 -0.0108161 0.913684
152 -1.12813 0.0470801 -2.00686 -0.0151758 0.409626 -0.0100231 0.912072
153 -1.13244 0.0480957 -1.99351 -0.0173783 0.41489 -0.00941301 0.909657
154 -1.13395 0.0499034 -1.98659 -0.0171988 0.418561 -0.00786149 0.907992
155 -1.1383 0.0505631 -1.97061 -0.0207371 0.423767 -0.00669006 0.905509
156 -1.14181 0.0514307 -1.958 -0.0198401 0.428367 -0.00642658 0.903364
157 -1.14499 0.0534019 -1.94205 -0.0210448 0.432786 -0.0065871 0.901227
158 -1.14553 0.053217 -1.93323 -0.0220051 0.436591 -0.00444758 0.89938
159 -1.14712 0.0521504 -1.91639 -0.0226404 0.443111 -0.00120664 0.89618
160 -1.14818 0.0526675 -1.90511 -0.0222737 0.447146 -0.00193324 0.894182
161 -1.14875 0.0554399 -1.89292 -0.0227581 0.451532 -0.0031253 0.891959
162 -1.15089 0.0560066 -1.87983 -0.0227589 0.457587 -0.00325899 0.888868
163 -1.151 0.0556879 -1.86588 -0.0226496 0.462152 -0.00379841 0.886503
164 -1.15453 0.0568985 -1.84651 -0.0235573 0.466873 -0.0057138 0.883992
165 -1.15378 0.0584134 -1.8337 -0.020742 0.468941 -0.00635598 0.882963
166 -1.15364 0.0569838 -1.82086 -0.0185818 0.471164 -0.0080916 0.881813
167 -1.1537 0.0573797 -1.80767 -0.0176023 0.475567 -0.0100834 0.879446
168 -1.15377 0.0624639 -1.79197 -0.0168242 0.479621 -0.0111763 0.877243
169 -1.15572 0.0611653 -1.77145 -0.0165691 0.484589 -0.00827011 0.874546
170 -1.15622 0.0591366 -1.76079 -0.0166486 0.487136 -0.00925712 0.873118
171 -1.15397 0.0574894 -1.74732 -0.0139826 0.491686 -0.00829942 0.870621
172 -1.15487 0.0577691 -1.73099 -0.0141251 0.495456 -0.00789973 0.868482
173 -1.15614 0.0569589 -1.71834 -0.0136421 0.495962 -0.00832177 0.868197
174 -1.15415 0.0568214 -1.70442 -0.015511 0.498381 -0.00901073 0.866772
175 -1.15529 0.0573888 -1.68743 -0.0142699 0.499517 -0.00960344 0.866133
176 -1.15279 0.0611935 -1.67937 -0.0140928 0.50102 -0.00902284 0.865274
177 -1.15112 0.0631007 -1.67063 -0.0159524 0.50217 -0.00935496 0.864571
178 -1.15072 0.0613071 -1.65507 -0.0182882 0.505628 -0.00897978 0.862511
179 -1.15067 0.0593808 -1.64105 -0.0194337 0.507482 -0.00716898 0.861414
180 -1.14743 0.0579383 -1.62851 -0.0196525 0.509125 -0.00844003 0.860427
181 -1.14761 0.0581812 -1.61254 -0.0214587 0.51267 -0.0086877 0.858274
182 -1.14957 0.0596807 -1.59513 -0.0208358 0.516169 -0.0101085 0.856173
183 -1.1482 0.0606969 -1.58444 -0.0196579 0.518698 -0.0105919 0.854666
184 -1.14384 0.0609984 -1.56782 -0.0215835 0.522849 -0.0105541 0.852087
185 -1.14292 0.0616057 -1.54837 -0.0216326 0.526011 -0.010842 0.850133
186 -1.14178 0.0609211 -1.54013 -0.0237583 0.529474 -0.0114529 0.847916
187 -1.14001 0.0572344 -1.52312 -0.0226942 0.533501 -0.0122959 0.845405
188 -1.13857 0.0560952 -1.50284 -0.0219852 0.538603 -0.0130346 0.842172
189 -1.1375 0.0576128 -1.48694 -0.0200737 0.542911 -0.0139541 0.839434
190 -1.13689 0.0549512 -1.46881 -0.020082 0.548239 -0.0149259 0.835947
191 -1.13552 0.0498475 -1.45203 -0.0187245 0.552929 -0.0149704 0.832884
192 -1.13594 0.0515145 -1.43247 -0.0134679 0.55752 -0.0169228 0.829881
193 -1.13545 0.0590742 -1.41598 -0.0113272 0.563475 -0.0189328 0.825839
194 -1.13492 0.0608586 -1.40203 -0.012308 0.56798 -0.0179105 0.822755
195 -1.13348 0.0574446 -1.38143 -0.0132868 0.572901 -0.016144 0.819358
196 -1.12952 0.0546892 -1.36897 -0.0148979 0.576887 -0.015885 0.816533
197 -1.12861 0.0542806 -1.35109 -0.0142403 0.582648 -0.0149183 0.812463
198 -1.12799 0.0539176 -1.33483 -0.0118493 0.586916 -0.0167148 0.809388
199 -1.1286 0.0573653 -1.31994 -0.0112907 0.590848 -0.0153125 0.806559
200 -1.13012 0.0578524 -1.3013 -0.0103553 0.594525 -0.0140976 0.803887
201 -1.12609 0.0572996 -1.29036 -0.0104091 0.598969 -0.0117444 0.800619
202 -1.12398 0.0584275 -1.271 -0.0123628 0.601469 -0.0115533 0.798717
203 -1.12273 0.0607036 -1.25641 -0.0110871 0.606394 -0.0116713 0.795002
204 -1.11971 0.0630613 -1.24351 -0.010595 0.608539 -0.0125277 0.793354
205 -1.11526 0.0660434 -1.22954 -0.00986333 0.609955 -0.0137867 0.792255
206 -1.11124 0.0641322 -1.21289 -0.0105748 0.613442 -0.0129625 0.789563
207 -1.10599 0.0628151 -1.198 -0.00993278 0.616206 -0.0128462 0.787418
208 -1.10249 0.0603012 -1.18361 -0.0102544 0.618387 -0.0128805 0.785701
209 -1.09596 0.0595498 -1.17168 -0.00851604 0.620959 -0.0140692 0.783671
210 -1.09069 0.0612618 -1.15686 -0.0077805 0.625861 -0.0148812 0.779754
211 -1.08296 0.0566735 -1.14444 -0.00826481 0.62807 -0.01542 0.77796
212 -1.07442 0.0519195 -1.1284 -0.00527288 0.631704 -0.0173495 0.774997
213 -1.06684 0.0522447 -1.11535 -0.0034831 0.634848 -0.0195487 0.772382
214 -1.0566 0.0519775 -1.10428 -0.000393388 0.635582 -0.0195457 0.771786
215 -1.04776 0.0476619 -1.0911 0.000809455 0.637815 -0.0210434 0.769902
216 -1.03772 0.0448198 -1.07054 0.00415468 0.641143 -0.0219891 0.767095
217 -1.02957 0.0450996 -1.05882 0.00781386 0.643374 -0.0226448 0.765177
218 -1.0185 0.0416173 -1.04783 0.00980729 0.646019 -0.0239009 0.762884
219 -1.00724 0.0361762 -1.03362 0.0103617 0.647412 -0.0242351 0.761684
220 -0.996881 0.0346585 -1.02087 0.015336 0.651932 -0.0256395 0.757689
221 -0.986963 0.0328782 -1.00666 0.0152652 0.65402 -0.0273867 0.755827
222 -0.975396 0.0285925 -0.997263 0.0176185 0.65513 -0.0283568 0.754779
223 -0.964114 0.0239558 -0.986913 0.0191261 0.658743 -0.0309321 0.751488
224 -0.954084 0.0207976 -0.978761 0.0212793 0.66214 -0.0330966 0.748346
225 -0.943443 0.0172676 -0.964845 0.0238267 0.664995 -0.0328672 0.745744
226 -0.930451 0.0103608 -0.952947 0.0275264 0.665875 -0.0333432 0.744809
227 -0.919251 0.00398288 -0.937443 0.0321074 0.667699 -0.0347068 0.742928
228 -0.909759 -0.000847059 -0.928741 0.0357901 0.667393 -0.0371628 0.742916
229 -0.898818 -0.00652444 -0.921802 0.0381406 0.667856 -0.0402033 0.742225
230 -0.890091 -0.00704089 -0.914642 0.039469 0.668112 -0.0443942 0.741686
231 -0.880242 -0.0113578 -0.904127 0.0419445 0.668887 -0.0480926 0.74062
232 -0.869321 -0.0136532 -0.89442 0.0437365 0.670093 -0.051942 0.739164
233 -0.85934 -0.0181842 -0.886012 0.0457808 0.671091 -0.0552606 0.737894
234 -0.849879 -0.0207938 -0.877026 0.0471221 0.67313 -0.0573918 0.735787
235 -0.839259 -0.0241279 -0.867854 0.0484714 0.674338 -0.0606651 0.734328
236 -0.830712 -0.0312357 -0.862621 0.0493191 0.674442 -0.060479 0.734192
237 -0.818235 -0.0379699 -0.854494 0.0492849 0.676358 -0.0611114 0.732377
238 -0.806978 -0.0434129 -0.845603 0.0514784 0.677234 -0.0634633 0.731216
239 -0.79685 -0.0480034 -0.834338 0.054869 0.677606 -0.0632311 0.730645
240 -0.785332 -0.0488745 -0.823942 0.0576907 0.678492 -0.0663162 0.72933
241 -0.773351 -0.0526741 -0.814694 0.0602113 0.679386 -0.0688095 0.728062
242 -0.761816 -0.0610493 -0.805496 0.0612372 0.681164 -0.0698328 0.726216
243 -0.751826 -0.0698559 -0.796192 0.061693 0.681905 -0.0732769 0.725141
244 -0.742554 -0.0718327 -0.788128 0.0654691 0.684788 -0.0765445 0.721748
245 -0.731777 -0.0760234 -0.77693 0.0667811 0.68839 -0.0777279 0.718065
246 -0.722224 -0.0749875 -0.766788 0.0716196 0.690945 -0.0797166 0.71492
247 -0.712323 -0.0755135 -0.758146 0.074357 0.694515 -0.080801 0.711049
248 -0.702439 -0.0774155 -0.747004 0.0780858 0.698061 -0.0808191 0.707165
249 -0.692922 -0.0805232 -0.736894 0.0796755 0.701687 -0.0813685 0.703325
250 -0.683685 -0.0838875 -0.726787 0.0814132 0.704505 -0.0837735 0.700019
251 -0.675503 -0.0839181 -0.716157 0.0827118 0.708608 -0.0842654 0.695653
252 -0.664851 -0.0802215 -0.705493 0.0834387 0.71207 -0.0863778 0.691761
253 -0.655655 -0.0833084 -0.696889 0.0836402 0.714614 -0.0846875 0.689318
254 -0.645986 -0.0904552 -0.686223 0.0828415 0.716527 -0.0820146 0.68775
255 -0.636295 -0.0945966 -0.67417 0.0840414 0.718365 -0.0815758 0.685736
256 -0.628544 -0.0942876 -0.665779 0.0848921 0.719832 -0.0815026 0.6841
257 -0.617346 -0.0988783 -0.654649 0.085647 0.723266 -0.0812177 0.680407
258 -0.606114 -0.103658 -0.646049 0.0864207 0.726576 -0.0836304 0.67648
259 -0.595737 -0.107176 -0.637631 0.0863697 0.730291 -0.0856642 0.672218
260 -0.58512 -0.107382 -0.631783 0.087463 0.732803 -0.0864374 0.669237
261 -0.576375 -0.107506 -0.622782 0.0863743 0.735684 -0.086659 0.666182
262 -0.564548 -0.110861 -0.61713 0.0850865 0.738955 -0.0872496 0.662641
263 -0.553203 -0.109585 -0.610144 0.086155 0.741103 -0.0868671 0.66015
264 -0.540917 -0.113138 -0.603162 0.0853084 0.742111 -0.0880978 0.658963
265 -0.526117 -0.116071 -0.598348 0.0849244 0.743717 -0.0888381 0.657101
266 -0.514664 -0.116127 -0.593998 0.0861975 0.74359 -0.0883381 0.657146
267 -0.502191 -0.116822 -0.588163 0.0868381 0.745124 -0.0900219 0.655092
268 -0.487951 -0.11611 -0.586051 0.0868612 0.747506 -0.0903504 0.652324
269 -0.460579 -0.122484 -0.574495 0.0889321 0.750363 -0.0913221 0.64862
270 -0.445617 -0.127504 -0.570375 0.0899823 0.750304 -0.0918486 0.648468
271 -0.431819 -0.125106 -0.566374 0.0931419 0.750502 -0.093241 0.647594
272 -0.418662 -0.125306 -0.563484 0.0948042 0.751726 -0.0950015 0.645674
273 -0.403057 -0.128612 -0.558463 0.0953978 0.752827 -0.098404 0.643792
274 -0.388527 -0.128994 -0.55711 0.0959301 0.754145 -0.0989054 0.642091
275 -0.374442 -0.131677 -0.552046 0.0960204 0.75522 -0.100371 0.640584
276 -0.359627 -0.135105 -0.547535 0.0950367 0.757317 -0.100804 0.638183
277 -0.345075 -0.138551 -0.543689 0.0955736 0.756616 -0.103063 0.638573
278 -0.328714 -0.141951 -0.539885 0.0961736 0.756748 -0.104338 0.638119
279 -0.314883 -0.146183 -0.537525 0.0965182 0.757631 -0.104722 0.636956
280 -0.300464 -0.147516 -0.535865 0.0952001 0.7578 -0.10619 0.63671
281 -0.28721 -0.147288 -0.53206 0.0954802 0.758362 -0.108082 0.63568
282 -0.27334 -0.1497 -0.530364 0.0950162 0.760674 -0.10717 0.633136
283 -0.258547 -0.153591 -0.523264 0.0963495 0.760998 -0.107908 0.63242
284 -0.246449 -0.15383 -0.52003 0.0960856 0.760403 -0.108809 0.633021
285 -0.233795 -0.154679 -0.513957 0.0977872 0.760172 -0.109064 0.632994
286 -0.22344 -0.155956 -0.507531 0.0965478 0.759982 -0.109647 0.633311
287 -0.21375 -0.155371 -0.499892 0.0960635 0.760069 -0.108918 0.633406
288 -0.205066 -0.154909 -0.493942 0.0951962 0.758447 -0.108215 0.635599
289 -0.196157 -0.156534 -0.488168 0.0943381 0.757584 -0.1072 0.636926
290 -0.187131 -0.156363 -0.479836 0.0937904 0.757511 -0.105669 0.637349
291 -0.177753 -0.159421 -0.473176 0.0932186 0.756617 -0.105748 0.638481
292 -0.170158 -0.158485 -0.46629 0.0942573 0.7563 -0.106932 0.638507
293 -0.165911 -0.157355 -0.458153 0.0939823 0.757117 -0.10713 0.637545
294 -0.15942 -0.156175 -0.451011 0.0938208 0.758173 -0.10569 0.636553
295 -0.15374 -0.156542 -0.445041 0.093508 0.758809 -0.103469 0.636207
296 -0.149872 -0.157014 -0.437491 0.0929119 0.760395 -0.101455 0.634724
297 -0.144014 -0.156543 -0.428747 0.092187 0.762011 -0.100937 0.632971
298 -0.139397 -0.157063 -0.420265 0.0929715 0.763924 -0.0995427 0.630767
299 -0.133734 -0.157937 -0.41142 0.0924459 0.765022 -0.099608 0.629503
300 -0.128221 -0.157924 -0.400598 0.0935023 0.766639 -0.099636 0.627371
301 -0.122881 -0.157604 -0.389246 0.0924669 0.767836 -0.100267 0.625958
302 -0.117853 -0.157704 -0.379126 0.0923875 0.768565 -0.099234 0.62524
303 -0.113967 -0.158546 -0.368836 0.0918253 0.768231 -0.0990513 0.625762
304 -0.109352 -0.159119 -0.357284 0.0907555 0.768965 -0.099233 0.624987
305 -0.105153 -0.159526 -0.34302 0.0928052 0.769556 -0.0976541 0.624207
306 -0.10316 -0.161607 -0.330234 0.0920541 0.769383 -0.0976728 0.624529
307 -0.101804 -0.160286 -0.318802 0.0913759 0.770414 -0.0955054 0.623692
308 -0.101412 -0.160626 -0.308836 0.0927171 0.772598 -0.0919073 0.621328
309 -0.0998171 -0.1599 -0.29669 0.0916422 0.773426 -0.0902934 0.620693
310 -0.0965893 -0.161254 -0.284376 0.0894787 0.775209 -0.090589 0.618739
311 -0.0934892 -0.160492 -0.258289 0.0913236 0.77655 -0.0881061 0.617145
312 -0.0925375 -0.160704 -0.245104 0.0935111 0.775966 -0.0852552 0.617951
313 -0.0920742 -0.160707 -0.231848 0.0930981 0.775871 -0.0841576 0.618283
314 -0.0915798 -0.159656 -0.219994 0.0931817 0.776037 -0.0845907 0.618003
315 -0.0913544 -0.159211 -0.206897 0.0928953 0.775468 -0.0840312 0.618837
316 -0.0920008 -0.156765 -0.194975 0.0912397 0.773249 -0.081585 0.622177
317 -0.0923765 -0.155182 -0.183544 0.0917181 0.771047 -0.0834801 0.624584
318 -0.0906326 -0.154252 -0.17153 0.0903256 0.767983 -0.0817711 0.628774
319 -0.0897597 -0.154549 -0.162807 0.0898259 0.765754 -0.0830717 0.631389
320 -0.0908267 -0.152909 -0.150709 0.0893478 0.76284 -0.0822932 0.635075
321 -0.0894085 -0.153013 -0.140352 0.0899407 0.758139 -0.0818733 0.64065
322 -0.0909114 -0.151136 -0.131345 0.0895128 0.753986 -0.0813482 0.645659
323 -0.0931039 -0.151097 -0.120118 0.0901465 0.749415 -0.0815946 0.65084
324 -0.091105 -0.151136 -0.111076 0.0898167 0.74311 -0.0817056 0.658062
325 -0.0917329 -0.152036 -0.102438 0.0899081 0.736388 -0.0803333 0.665729
326 -0.0928125 -0.152962 -0.0913128 0.0896646 0.728684 -0.080431 0.674174
327 -0.0928369 -0.158346 -0.0850255 0.089377 0.721962 -0.0811135 0.681324
328 -0.0951265 -0.158726 -0.0735097 0.0876458 0.714162 -0.0825332 0.689549
329 -0.0954429 -0.15837 -0.0659685 0.0865493 0.706067 -0.0824515 0.697984
330 -0.0960812 -0.155696 -0.0561049 0.0865466 0.700574 -0.0826038 0.703478
331 -0.097997 -0.15519 -0.0469085 0.086419 0.693819 -0.0828891 0.710124
332 -0.099566 -0.154633 -0.0353024 0.0851328 0.686759 -0.0819714 0.717214
333 -0.102111 -0.155198 -0.0267289 0.0838376 0.679709 -0.0809486 0.724165
334 -0.103705 -0.155633 -0.0158202 0.0832477 0.672022 -0.0805008 0.731421
335 -0.102931 -0.158209 -0.00625544 0.084633 0.6655 -0.0797896 0.73728
336 -0.105519 -0.16322 0.000444843 0.0842404 0.659316 -0.0816606 0.742655
337 -0.108581 -0.164108 0.00707675 0.0850612 0.650809 -0.0819266 0.75
338 -0.1102 -0.164269 0.0126055 0.0873284 0.642829 -0.0851205 0.75624
339 -0.113024 -0.162866 0.0190818 0.0861204 0.634275 -0.0870023 0.763354
340 -0.115316 -0.161694 0.0257565 0.08602 0.626743 -0.0889825 0.769335
341 -0.116454 -0.161421 0.0319215 0.0882829 0.61968 -0.0899857 0.774664
342 -0.117471 -0.160769 0.0374803 0.088612 0.612822 -0.0903525 0.780022
343 -0.116771 -0.164028 0.0415994 0.0893326 0.605229 -0.090831 0.785791
344 -0.115803 -0.163171 0.0466557 0.0923667 0.597781 -0.0911006 0.791093
345 -0.117528 -0.162253 0.0519988 0.0934629 0.590148 -0.0922678 0.79654
346 -0.118187 -0.159665 0.0575982 0.0946618 0.583476 -0.0920176 0.801329
347 -0.11912 -0.163743 0.0640382 0.0948197 0.578091 -0.0905243 0.805373
348 -0.121301 -0.16336 0.0705005 0.0965852 0.570647 -0.0916908 0.810325
349 -0.122415 -0.161245 0.0808208 0.0947892 0.562728 -0.0910282 0.816129
350 -0.123546 -0.161663 0.0839309 0.0952798 0.559147 -0.0919411 0.818427
351 -0.123517 -0.160681 0.088796 0.0970425 0.55568 -0.0909872 0.820685
352 -0.123351 -0.159363 0.0946181 0.0971533 0.553874 -0.0918548 0.821795
353 -0.123514 -0.160438 0.0996259 0.0969979 0.552554 -0.0920854 0.822676
354 -0.123482 -0.158993 0.104005 0.0944318 0.550247 -0.0928674 0.824431
355 -0.12352 -0.159022 0.107424 0.0949317 0.546008 -0.0926353 0.827213
356 -0.124492 -0.15838 0.113041 0.0938877 0.542598 -0.0942834 0.829387
357 -0.124039 -0.154441 0.118684 0.0928741 0.54224 -0.0939083 0.829778
358 -0.12508 -0.151274 0.125219 0.0923502 0.541652 -0.0933303 0.830286
359 -0.125951 -0.151063 0.130717 0.090159 0.541539 -0.0924222 0.830702
360 -0.12603 -0.149147 0.137894 0.0891659 0.542019 -0.0911775 0.830633
361 -0.12508 -0.149317 0.144012 0.0885695 0.54217 -0.0902927 0.830695
362 -0.125743 -0.149124 0.150424 0.0893613 0.541542 -0.0907579 0.830969
363 -0.12697 -0.147431 0.159294 0.0898052 0.541191 -0.0913099 0.83109
364 -0.128092 -0.14409 0.16762 0.090055 0.540639 -0.0901819 0.831545
365 -0.129441 -0.145032 0.176692 0.0906305 0.542742 -0.0899057 0.830141
366 -0.128448 -0.145189 0.185761 0.0914971 0.542303 -0.0900465 0.830318
367 -0.128278 -0.146716 0.193155 0.0926646 0.544389 -0.0892701 0.828906
368 -0.12825 -0.145509 0.202944 0.0937784 0.54591 -0.0887811 0.827832
369 -0.129975 -0.145404 0.211924 0.0946335 0.546303 -0.0881508 0.827543
370 -0.1318 -0.142777 0.21898 0.0953178 0.54875 -0.0872478 0.825939
371 -0.132752 -0.143558 0.226725 0.0929621 0.553217 -0.0879859 0.823145
372 -0.132649 -0.143484 0.234318 0.0915596 0.556647 -0.0869138 0.821101
373 -0.132493 -0.143384 0.243157 0.0905357 0.559636 -0.085348 0.819345
374 -0.132341 -0.142447 0.249377 0.0868503 0.563611 -0.0844201 0.817113
375 -0.131466 -0.146322 0.257906 0.084505 0.57048 -0.0838199 0.812641
376 -0.130695 -0.147211 0.27305 0.0797609 0.582433 -0.0823177 0.804757
377 -0.130148 -0.150621 0.27957 0.0761451 0.589142 -0.0827377 0.800168
378 -0.128319 -0.149551 0.286019 0.0744122 0.595046 -0.0841627 0.795802
379 -0.126164 -0.15187 0.289939 0.0732664 0.602564 -0.0850709 0.790134
380 -0.122977 -0.151743 0.294812 0.0715076 0.609356 -0.0845556 0.785126
381 -0.119921 -0.153922 0.300005 0.0713712 0.614521 -0.083418 0.781225
382 -0.119072 -0.156797 0.304649 0.069933 0.621142 -0.0823959 0.776211
383 -0.115592 -0.157264 0.30827 0.0705277 0.62797 -0.082782 0.770601
384 -0.113484 -0.15718 0.311537 0.0719974 0.635415 -0.0824107 0.764378
385 -0.112001 -0.157237 0.314641 0.0714571 0.642916 -0.0843048 0.757922
386 -0.109634 -0.160348 0.31745 0.0730697 0.652022 -0.0865558 0.749691
387 -0.106278 -0.161851 0.317542 0.0730768 0.661815 -0.087501 0.740948
388 -0.105432 -0.162414 0.320155 0.0731199 0.671636 -0.088118 0.731979
389 -0.101702 -0.166507 0.321225 0.0721116 0.680399 -0.0880921 0.723945
390 -0.100178 -0.167889 0.321979 0.0716812 0.687622 -0.0889771 0.717023
391 -0.0991433 -0.167907 0.322735 0.0719757 0.694076 -0.0900857 0.710607
392 -0.0991036 -0.165836 0.322946 0.0700905 0.702174 -0.091231 0.702649
393 -0.0968757 -0.16271 0.325683 0.0699351 0.710547 -0.0903925 0.694307
394 -0.0961154 -0.162913 0.327177 0.0699448 0.718923 -0.0893898 0.68576
395 -0.094026 -0.162373 0.327594 0.0704127 0.72734 -0.0903982 0.676643
396 -0.0929219 -0.162027 0.328584 0.0721588 0.734919 -0.0893373 0.668361
397 -0.0891383 -0.158372 0.326925 0.0731985 0.742816 -0.0884318 0.659581
398 -0.0860011 -0.160534 0.324271 0.0720073 0.750505 -0.0870825 0.651133
399 -0.0805998 -0.16251 0.32638 0.0709411 0.75889 -0.0886392 0.641246
400 -0.0784104 -0.161646 0.326931 0.0709878 0.76637 -0.0890703 0.632222
401 -0.0729324 -0.16262 0.328801 0.0704245 0.774233 -0.0896011 0.622556
402 -0.0706605 -0.160869 0.329922 0.0693621 0.781562 -0.0903924 0.613334
403 -0.0677566 -0.160633 0.330002 0.0683974 0.78803 -0.0922212 0.604835
404 -0.0625821 -0.160965 0.331604 0.0662505 0.795156 -0.0931598 0.595533
405 -0.056828 -0.161958 0.336297 0.0627428 0.80333 -0.0919685 0.585035
406 -0.0532652 -0.162725 0.340773 0.0613885 0.811574 -0.090035 0.573998
407 -0.0477957 -0.16445 0.346398 0.0592068 0.819976 -0.0861821 0.562767
408 -0.039751 -0.168591 0.35053 0.0589915 0.82841 -0.0874606 0.550098
409 -0.0344217 -0.172228 0.354526 0.057966 0.83647 -0.0875816 0.537854
410 -0.0320979 -0.172197 0.355384 0.059085 0.843899 -0.087936 0.525937
411 -0.0273084 -0.171016 0.362777 0.0572821 0.852468 -0.0863734 0.512403
412 -0.0222469 -0.172468 0.370661 0.0565466 0.86093 -0.0839154 0.498557
413 -0.0174366 -0.170738 0.375863 0.0570066 0.868808 -0.0819554 0.484981
414 -0.0143021 -0.163755 0.383009 0.0569019 0.876132 -0.0810058 0.471798
415 -0.00735169 -0.163785 0.389216 0.0547494 0.882698 -0.0765385 0.460422
416 -0.0023078 -0.166453 0.391149 0.052116 0.888199 -0.0723731 0.45072
417 -0.000857443 -0.162972 0.391286 0.0505902 0.892978 -0.0721025 0.441398
418 0.00654925 -0.166484 0.397531 0.0460993 0.899143 -0.0700197 0.42955
419 0.0120965 -0.170164 0.397966 0.0426381 0.904304 -0.0702268 0.41891
420 0.0141481 -0.165469 0.398288 0.0409487 0.90911 -0.0706617 0.408472
421 0.0230101 -0.159112 0.401825 0.0380052 0.917312 -0.0701808 0.390088
422 0.0290535 -0.15729 0.402675 0.0350515 0.921275 -0.0687023 0.381187
423 0.0363032 -0.155857 0.401147 0.0333355 0.924785 -0.0674588 0.372977
424 0.0441502 -0.156032 0.399434 0.0301219 0.927936 -0.0651483 0.365764
425 0.0515612 -0.1576 0.400102 0.027324 0.931264 -0.0647176 0.357507
426 0.0579322 -0.156492 0.397924 0.0281755 0.934376 -0.0659866 0.348988
427 0.0679892 -0.156229 0.395118 0.0261861 0.936891 -0.0675171 0.342038
428 0.0788976 -0.156135 0.393932 0.0263618 0.939285 -0.0692251 0.335046
429 0.0868203 -0.153124 0.386849 0.027164 0.941003 -0.0718458 0.329565
430 0.0976006 -0.149117 0.383541 0.028075 0.943885 -0.0715405 0.321209
431 0.111586 -0.148291 0.378165 0.0269821 0.946401 -0.0687947 0.314428
432 0.12295 -0.147353 0.373062 0.0269017 0.948544 -0.0691452 0.307831
433 0.133351 -0.142673 0.364126 0.0266652 0.950722 -0.0670285 0.301537
434 0.147716 -0.142032 0.35842 0.028745 0.952307 -0.0662305 0.296478
435 0.164221 -0.148251 0.351409 0.0299527 0.953618 -0.0649206 0.292407
436 0.182503 -0.156231 0.343836 0.0325621 0.954828 -0.0654264 0.288034
437 0.197257 -0.158776 0.335577 0.0365914 0.955603 -0.0691192 0.284088
438 0.206608 -0.154474 0.324223 0.0422959 0.955723 -0.0739361 0.28167
439 0.21278 -0.144281 0.315848 0.0454062 0.956221 -0.0773149 0.27857
440 0.22175 -0.136974 0.310034 0.0453928 0.957168 -0.0766274 0.275493
441 0.234487 -0.139717 0.301384 0.0427897 0.959353 -0.0734568 0.269099
442 0.262218 -0.14585 0.285079 0.0428718 0.962482 -0.0694506 0.258782
443 0.274858 -0.145197 0.272983 0.0415423 0.964242 -0.0711388 0.251895
444 0.28332 -0.145078 0.267345 0.0411663 0.965657 -0.0721145 0.246192
445 0.294428 -0.146529 0.258723 0.041307 0.966948 -0.0727282 0.240867
446 0.303792 -0.142234 0.249659 0.0405494 0.968284 -0.0742842 0.235081
447 0.312507 -0.141787 0.241894 0.0390746 0.969809 -0.0733354 0.22927
448 0.319669 -0.142451 0.234547 0.0386703 0.971381 -0.071911 0.223053
449 0.325738 -0.138387 0.228465 0.0406358 0.972729 -0.0712644 0.216953
450 0.336115 -0.1392 0.222215 0.0384449 0.974454 -0.0701074 0.209874
451 0.347164 -0.141184 0.215774 0.0387194 0.976112 -0.0695006 0.202176
452 0.354415 -0.137762 0.209518 0.0371564 0.977162 -0.070542 0.196972
453 0.365269 -0.136605 0.20264 0.0366229 0.978422 -0.0694623 0.191112
454 0.377021 -0.136287 0.198706 0.0359039 0.979709 -0.0692098 0.184639
455 0.385404 -0.135721 0.193486 0.036254 0.980394 -0.070506 0.180392
456 0.394697 -0.134031 0.188168 0.0360474 0.981243 -0.0705084 0.17576
457 0.405784 -0.136752 0.185689 0.0364629 0.981927 -0.0678482 0.172876
458 0.418837 -0.14223 0.17932 0.0360446 0.982775 -0.0678477 0.168079
459 0.428597 -0.137976 0.175234 0.0376116 0.98294 -0.0696482 0.166023
460 0.440495 -0.137332 0.171846 0.0407033 0.983668 -0.0691135 0.161132
461 0.453632 -0.14127 0.166865 0.0411482 0.984512 -0.0685767 0.156012
462 0.463311 -0.141283 0.160703 0.043425 0.985184 -0.0699004 0.150471
463 0.469924 -0.137296 0.159722 0.0430106 0.985857 -0.0703717 0.145887
464 0.480834 -0.1327 0.157049 0.0430713 0.987093 -0.0696244 0.137643
465 0.495395 -0.133328 0.154258 0.0431028 0.988463 -0.0672151 0.128709
466 0.50869 -0.130605 0.153034 0.0423702 0.989537 -0.0645405 0.121884
467 0.519063 -0.12671 0.152083 0.0427473 0.990823 -0.0610842 0.112744
468 0.531124 -0.125457 0.153059 0.041072 0.991902 -0.0583185 0.10508
469 0.54131 -0.122971 0.154845 0.0412241 0.993 -0.0556464 0.0956818
470 0.55122 -0.12081 0.154501 0.0400425 0.994174 -0.0489248 0.0872934
471 0.562802 -0.122297 0.152748 0.0386931 0.99499 -0.0479769 0.0787181
472 0.573857 -0.122645 0.1499 0.0372526 0.995684 -0.0445325 0.0724115
473 0.580729 -0.123346 0.143908 0.0365853 0.996119 -0.0434205 0.067249
474 0.590679 -0.121761 0.144009 0.0368778 0.996598 -0.043188 0.0597284
475 0.6 -0.122902 0.142918 0.0376645 0.997068 -0.0403948 0.0529563
476 0.608 -0.123754 0.136969 0.0373988 0.997549 -0.0383015 0.0450658
477 0.62267 -0.124783 0.140584 0.0363021 0.997927 -0.0379061 0.0372515
478 0.630537 -0.123085 0.138959 0.0347147 0.998245 -0.0377799 0.0295692
479 0.640719 -0.12269 0.14232 0.0346465 0.99852 -0.0357146 0.0219462
480 0.648606 -0.126177 0.136892 0.0323905 0.998822 -0.032375 0.0160543
481 0.6594 -0.127747 0.136418 0.0304926 0.998961 -0.0326709 0.00896052
482 0.66838 -0.125655 0.13546 0.030772 0.999003 -0.0322945 0.00172535
483 0.673896 -0.124918 0.13165 0.0285417 0.999169 -0.0290289 -0.00204468
484 0.683006 -0.127875 0.129085 0.029012 0.999168 -0.0278991 -0.00659673
485 0.692136 -0.130785 0.128065 0.0310653 0.99901 -0.0293564 -0.0123273
486 0.699778 -0.127785 0.123852 0.0337251 0.998787 -0.0322156 -0.0157808
487 0.698812 -0.125298 0.113777 0.0341469 0.998681 -0.0333825 -0.0188476
488 0.704264 -0.12418 0.108886 0.0354885 0.99855 -0.0323053 -0.0243861
489 0.707615 -0.123742 0.0995511 0.0348629 0.99843 -0.0328292 -0.029072
490 0.713944 -0.123106 0.0936043 0.0350633 0.998161 -0.0341095 -0.0357987
491 0.715518 -0.124578 0.0797106 0.0341872 0.998054 -0.0344579 -0.0391541
492 0.716522 -0.12369 0.0683903 0.0324406 0.997674 -0.0383448 -0.0460819
493 0.717484 -0.119765 0.060722 0.0311295 0.997442 -0.0392395 -0.0509878
494 0.717784 -0.117032 0.0482798 0.0292929 0.997224 -0.0381859 -0.0568224
495 0.717022 -0.118606 0.0411265 0.0276265 0.997135 -0.0373179 -0.0597155
496 0.721198 -0.114914 0.0352338 0.02586 0.997035 -0.0376067 -0.0619473
497 0.719158 -0.11454 0.0233072 0.024432 0.996755 -0.0389 -0.0661078
498 0.72242 -0.113349 0.0165688 0.0246668 0.996284 -0.0393201 -0.0725501
499 0.721714 -0.112948 0.00616316 0.0251772 0.995993 -0.0379335 -0.0769761
500 0.721305 -0.113494 -0.00510284 0.0249423 0.995645 -0.038116 -0.0813359
501 0.725819 -0.112804 -0.0103808 0.0264932 0.995237 -0.0355222 -0.0868353
502 0.726888 -0.113105 -0.0256111 0.0264914 0.994931 -0.0340629 -0.0908322
503 0.726478 -0.110662 -0.0380811 0.027611 0.994606 -0.0346467 -0.0937868
504 0.723886 -0.108323 -0.0524575 0.0277849 0.994407 -0.0333598 -0.0962818
505 0.725673 -0.115397 -0.0604388 0.0271664 0.993905 -0.0330279 -0.101607
506 0.727132 -0.115605 -0.0713856 0.0286515 0.993466 -0.0331949 -0.105365
507 0.719485 -0.114515 -0.0827435 0.0284385 0.993107 -0.0337676 -0.108579
508 0.72312 -0.112706 -0.0940774 0.0287923 0.992682 -0.0355911 -0.111742
509 0.728081 -0.114789 -0.109878 0.0301358 0.99209 -0.0351339 -0.116682
510 0.732291 -0.118045 -0.122737 0.0314358 0.991427 -0.034627 -0.122004
511 0.729687 -0.118043 -0.136627 0.0342823 0.990637 -0.0389647 -0.126275
512 0.733325 -0.11536 -0.149087 0.0332205 0.989671 -0.0404041 -0.133476
513 0.73398 -0.117014 -0.161796 0.0325038 0.988872 -0.0420176 -0.138962
514 0.739768 -0.119246 -0.175101 0.032216 0.988 -0.0430718 -0.144786
515 0.741909 -0.117991 -0.189283 0.0332524 0.986962 -0.0453461 -0.150812
516 0.737976 -0.114711 -0.186728 0.0318872 0.986518 -0.046995 -0.153485
517 0.752752 -0.117357 -0.207709 0.030248 0.985575 -0.0484706 -0.159302
518 0.74419 -0.119227 -0.202286 0.0292116 0.985011 -0.0497924 -0.162545
519 0.738944 -0.120782 -0.200258 0.0283425 0.98461 -0.0510121 -0.164733
520 0.736177 -0.119431 -0.208184 0.0281034 0.983928 -0.0538415 -0.167921
521 0.738838 -0.114799 -0.21419 0.0256561 0.983315 -0.0543978 -0.171681
522 0.727502 -0.111903 -0.209288 0.0263218 0.982688 -0.0551857 -0.17489
523 0.748248 -0.118037 -0.232827 0.024578 0.981473 -0.0537934 -0.182246
524 0.748551 -0.117808 -0.240591 0.022475 0.980808 -0.0524407 -0.18644
525 0.756805 -0.115709 -0.254993 0.0221873 0.979892 -0.0516345 -0.191451
526 0.758551 -0.11467 -0.263789 0.0238476 0.97886 -0.049576 -0.196994
527 0.762322 -0.114397 -0.268738 0.0216781 0.977495 -0.0490388 -0.204032
528 0.776947 -0.114192 -0.290468 0.0211556 0.975595 -0.0508566 -0.212556
529 0.774154 -0.115799 -0.291401 0.0197978 0.974899 -0.0487988 -0.216329
530 0.784689 -0.114503 -0.307175 0.0180936 0.973636 -0.0485142 -0.222151
531 0.787318 -0.111897 -0.316976 0.016975 0.972511 -0.0484612 -0.227124
532 0.786194 -0.112269 -0.322549 0.0151736 0.97178 -0.047464 -0.230567
533 0.796531 -0.111412 -0.340233 0.0166132 0.969853 -0.045183 -0.23889
534 0.80048 -0.114962 -0.355636 0.0159272 0.968955 -0.0439762 -0.242773
535 0.798573 -0.114841 -0.359549 0.016456 0.967389 -0.046884 -0.248376
536 0.809314 -0.113062 -0.376171 0.015175 0.9656 -0.0470292 -0.255294
537 0.808569 -0.116216 -0.384016 0.0153415 0.96476 -0.0472049 -0.258409
538 0.80664 -0.114645 -0.392399 0.0158201 0.964269 -0.0465621 -0.260323
539 0.812651 -0.116878 -0.406686 0.0146067 0.963193 -0.0459312 -0.264456
540 0.816601 -0.120708 -0.417853 0.0135951 0.962293 -0.0473419 -0.26752
541 0.820658 -0.119566 -0.431289 0.010995 0.961195 -0.0475466 -0.271521
542 0.823452 -0.117611 -0.437014 0.0103461 0.959866 -0.0482924 -0.276077
543 0.82327 -0.120545 -0.447451 0.00770364 0.958847 -0.0473348 -0.279843
544 0.826278 -0.119373 -0.459432 0.00666753 0.957978 -0.0466876 -0.282939
545 0.827554 -0.121045 -0.466499 0.0060203 0.957087 -0.043839 -0.286401
546 0.830418 -0.125959 -0.478842 0.00506508 0.955929 -0.0428329 -0.290412
547 0.827888 -0.124837 -0.482564 0.00339253 0.95517 -0.0422943 -0.293001
548 0.82861 -0.124476 -0.490783 0.00297384 0.953853 -0.0416846 -0.297353
549 0.829682 -0.128115 -0.49667 0.00370063 0.952857 -0.0405682 -0.300674
550 0.831748 -0.128295 -0.504086 0.00300739 0.952172 -0.0404782 -0.302856
551 0.835541 -0.130665 -0.51305 0.00347194 0.950606 -0.0404859 -0.307728
552 0.834457 -0.130423 -0.513172 0.00391694 0.949594 -0.0398663 -0.310913
553 0.834883 -0.130181 -0.521503 0.0041407 0.948469 -0.0393754 -0.314388
554 0.835485 -0.134294 -0.529051 0.0034444 0.947102 -0.0393559 -0.318492
555 0.8346 -0.137289 -0.536363 0.00376264 0.946159 -0.0383658 -0.321398
556 0.835167 -0.135707 -0.543417 0.00244625 0.944526 -0.0407793 -0.325887
557 0.833385 -0.133223 -0.549856 0.00316044 0.943331 -0.0414261 -0.329241
558 0.832366 -0.13519 -0.555142 0.00416477 0.94209 -0.0399403 -0.332948
559 0.828673 -0.134615 -0.558463 0.00691252 0.940551 -0.0403744 -0.337174
560 0.833006 -0.134744 -0.567467 0.00734938 0.9384 -0.0388242 -0.343284
561 0.833368 -0.135606 -0.570237 0.00733409 0.936875 -0.0389932 -0.347405
562 0.83745 -0.135656 -0.580716 0.00654512 0.93529 -0.0382021 -0.351754
563 0.841176 -0.133521 -0.587688 0.00611611 0.933782 -0.0384787 -0.355715
564 0.845833 -0.132969 -0.601432 0.00777665 0.931464 -0.0406036 -0.361476
565 0.845548 -0.133459 -0.60759 0.00773802 0.928937 -0.0384947 -0.36815
566 0.847305 -0.134247 -0.613541 0.00678176 0.927017 -0.0368329 -0.373145
567 0.851041 -0.132163 -0.622608 0.0059614 0.924544 -0.0348949 -0.379428
568 0.853981 -0.132428 -0.632429 0.00604356 0.922492 -0.0321958 -0.384624
569 0.851981 -0.13602 -0.641884 0.0074766 0.921124 -0.0321628 -0.387866
570 0.850242 -0.137757 -0.652327 0.00589903 0.918864 -0.0331142 -0.393138
571 0.851586 -0.134317 -0.66402 0.00509365 0.916994 -0.0343669 -0.397385
572 0.850763 -0.135638 -0.67522 0.00299535 0.915268 -0.0339266 -0.401404
573 0.847863 -0.137529 -0.682394 0.000418981 0.913854 -0.0323503 -0.404752
574 0.844316 -0.135854 -0.694765 -0.000764486 0.913061 -0.0330545 -0.40648
575 0.844184 -0.134009 -0.702155 -0.00314126 0.913111 -0.0305195 -0.406555
576 0.842058 -0.135635 -0.712137 -0.00369203 0.911554 -0.030095 -0.41006
577 0.839483 -0.134649 -0.7213 -0.00385093 0.909922 -0.0291157 -0.413739
578 0.837594 -0.131196 -0.732949 -0.00536864 0.908117 -0.0287688 -0.417692
579 0.837974 -0.130402 -0.743094 -0.0059423 0.907465 -0.0284767 -0.419119
580 0.835371 -0.13032 -0.752603 -0.00420937 0.906765 -0.0272561 -0.420734
581 0.833942 -0.127183 -0.764281 -0.00282674 0.906545 -0.0273723 -0.421212
582 0.833038 -0.1233 -0.774667 -0.00175028 0.906103 -0.027951 -0.422128
583 0.830781 -0.125813 -0.785718 0.000466458 0.904569 -0.0271397 -0.425463
584 0.831038 -0.123949 -0.798113 0.0017979 0.903782 -0.0274756 -0.427106
585 0.83118 -0.122355 -0.810918 0.00319999 0.902571 -0.0262467 -0.429727
586 0.831827 -0.121633 -0.821537 0.00436429 0.900866 -0.0238142 -0.433421
587 0.830305 -0.125926 -0.850525 0.00767946 0.897038 -0.0210131 -0.441386
588 0.828943 -0.128208 -0.860674 0.0097361 0.895015 -0.0201816 -0.445472
589 0.826196 -0.132085 -0.872699 0.0131912 0.893603 -0.0205447 -0.448193
590 0.824931 -0.13037 -0.885927 0.0126021 0.89268 -0.0221929 -0.449968
591 0.823668 -0.12822 -0.89981 0.0114172 0.891553 -0.022485 -0.452215
592 0.823646 -0.127865 -0.914058 0.0119535 0.889859 -0.0219247 -0.455552
593 0.821147 -0.128889 -0.927009 0.0117439 0.887741 -0.0219335 -0.459671
594 0.819043 -0.12749 -0.935953 0.00948879 0.885827 -0.0209313 -0.463447
595 0.819133 -0.130558 -0.950695 0.0103488 0.884004 -0.0207845 -0.466902
596 0.816194 -0.132831 -0.960281 0.0112644 0.881357 -0.0197198 -0.471906
597 0.815526 -0.134849 -0.975098 0.0104308 0.879627 -0.0192772 -0.475159
598 0.814228 -0.137106 -0.987189 0.013169 0.877383 -0.020172 -0.479186
599 0.813287 -0.137344 -1.00011 0.0125397 0.87639 -0.0216278 -0.480953
600 0.810745 -0.139351 -1.01016 0.0107766 0.87561 -0.0209085 -0.482446
601 0.809449 -0.139905 -1.0238 0.00920685 0.874522 -0.020828 -0.48445
602 0.805429 -0.141324 -1.03526 0.0074712 0.872689 -0.0198731 -0.487815
603 0.801576 -0.144162 -1.04528 0.00755989 0.871153 -0.0208452 -0.490511
604 0.798849 -0.144633 -1.0536 0.00709349 0.869407 -0.0199187 -0.493644
605 0.79833 -0.143124 -1.06157 0.00504066 0.868445 -0.0209292 -0.495318
606 0.794766 -0.143283 -1.07285 0.00551411 0.866885 -0.0192804 -0.498105
607 0.792396 -0.144886 -1.08323 0.00607754 0.865834 -0.0187217 -0.499943
608 0.79106 -0.142523 -1.09259 -0.00663532 -0.864606 0.0203006 0.501996
609 0.792258 -0.138684 -1.10312 -0.00663702 -0.862213 0.0191976 0.506138
610 0.7934 -0.139007 -1.11813 -0.00854711 -0.859566 0.0160879 0.510701
611 0.79237 -0.141731 -1.12908 -0.0105112 -0.857698 0.0152019 0.513821
612 0.790668 -0.140396 -1.13702 -0.0126638 -0.856473 0.0166073 0.515769
613 0.789458 -0.138441 -1.14937 -0.0137295 -0.854126 0.0182262 0.519565
614 0.789478 -0.137514 -1.15794 -0.0162883 -0.852073 0.0162308 0.522918
615 0.7879 -0.134212 -1.16921 -0.0170644 -0.850494 0.0145016 0.525509
616 0.787938 -0.134467 -1.18182 -0.0191237 -0.849089 0.0120411 0.527767
617 0.787296 -0.135062 -1.19445 -0.0191522 -0.847151 0.00958466 0.53092
618 0.784817 -0.134805 -1.20952 -0.0193133 -0.844316 0.0074147 0.535446
619 0.781759 -0.137923 -1.21775 -0.0216019 -0.84162 0.00794502 0.539579
620 0.780533 -0.139075 -1.22818 -0.0227946 -0.839428 0.00701919 0.542947
621 0.77989 -0.138026 -1.23848 -0.0245507 -0.837485 0.00673778 0.545867
622 0.779018 -0.139236 -1.24971 -0.0250115 -0.835101 0.00573333 0.549498
623 0.777111 -0.140639 -1.26149 -0.025298 -0.831982 0.00450361 0.554207
624 0.776004 -0.140756 -1.27319 -0.0259329 -0.829388 0.00429575 0.558054
625 0.775701 -0.138693 -1.28474 -0.0268139 -0.825865 0.00324438 0.56322
626 0.773917 -0.140092 -1.29616 -0.0255127 -0.823178 0.00365701 0.567198
627 0.770387 -0.142301 -1.3067 -0.0277905 -0.819303 0.00302351 0.572679
628 0.766918 -0.140062 -1.31386 -0.0279522 -0.816116 0.00303628 0.577204
629 0.764131 -0.141452 -1.32214 -0.030212 -0.812551 0.002884 0.582099
630 0.762191 -0.143476 -1.33244 -0.0311935 -0.807881 0.00340419 0.58851
631 0.758743 -0.141028 -1.33941 -0.0313615 -0.804301 0.0048987 0.593374
632 0.755323 -0.142048 -1.3494 -0.0329212 -0.799774 0.00395605 0.599385
633 0.750851 -0.142399 -1.35763 -0.0343981 -0.796265 0.00600326 0.603939
634 0.745491 -0.143827 -1.36432 -0.0338644 -0.793106 0.00961822 0.608066
635 0.743067 -0.142217 -1.37345 -0.0302777 -0.790198 0.00955938 0.612029
636 0.739407 -0.142528 -1.38211 -0.0279662 -0.787451 0.00729219 0.615699
637 0.736081 -0.142476 -1.39014 -0.025757 -0.784089 0.00576299 0.620087
638 0.732565 -0.141524 -1.39807 -0.0246849 -0.781525 0.00693957 0.623347
639 0.728676 -0.139101 -1.40465 -0.0254676 -0.77787 0.00745894 0.627865
640 0.72438 -0.138618 -1.41078 -0.0269369 -0.775553 0.00604522 0.630679
641 0.718925 -0.138115 -1.4154 -0.0290525 -0.77332 0.00795266 0.633299
642 0.713664 -0.137032 -1.42131 -0.0288899 -0.771426 0.00834118 0.635608
643 0.708515 -0.136462 -1.42714 -0.0295099 -0.769863 0.00751041 0.637482
644 0.703034 -0.134398 -1.43426 -0.0289256 -0.767472 0.0074131 0.640387
645 0.698125 -0.132089 -1.43791 -0.0306753 -0.764633 0.00642049 0.643704
646 0.690423 -0.131483 -1.44367 -0.0314345 -0.761469 0.00592856 0.647411
647 0.682491 -0.129886 -1.44915 -0.0306066 -0.759782 0.0066587 0.649423
648 0.673997 -0.126854 -1.4542 -0.031375 -0.758367 0.007693 0.651027
649 0.659679 -0.120526 -1.46498 -0.0336625 -0.752319 0.00843177 0.657885
650 0.640255 -0.12034 -1.47843 -0.0377797 -0.747806 0.00613156 0.662813
651 0.630445 -0.122222 -1.48602 -0.0395333 -0.745133 0.00700013 0.665707
652 0.620568 -0.126042 -1.49046 -0.0420062 -0.742226 0.00822684 0.668781
653 0.609274 -0.124754 -1.49558 -0.0399837 -0.739983 0.0113508 0.67134
654 0.598566 -0.122979 -1.50208 -0.0388344 -0.73678 0.0116988 0.674916
655 0.588067 -0.123199 -1.5081 -0.0373528 -0.735111 0.00918652 0.676854
656 0.576098 -0.124729 -1.51206 -0.0378385 -0.732139 0.00814739 0.680055
657 0.565528 -0.125833 -1.51898 -0.0358338 -0.728821 0.00586167 0.683741
658 0.553368 -0.13037 -1.5221 -0.0336111 -0.725916 0.00450702 0.686947
659 0.542308 -0.131838 -1.52654 -0.0323544 -0.722421 0.00624761 0.690668
660 0.529523 -0.133574 -1.53006 -0.0312508 -0.719465 0.00433239 0.693812
661 0.516749 -0.135975 -1.53003 -0.0300999 -0.71735 0.00700413 0.696027
662 0.505816 -0.136686 -1.53261 -0.0280487 -0.714748 0.00928197 0.698757
663 0.495725 -0.135278 -1.53862 -0.0254955 -0.710905 0.0112144 0.702736
664 0.482972 -0.136096 -1.54206 -0.0253891 -0.708578 0.0112833 0.705085
665 0.469887 -0.137276 -1.54458 -0.0263947 -0.706138 0.0129872 0.707463
666 0.458545 -0.141287 -1.54583 -0.0266746 -0.704186 0.014372 0.709369
667 0.446305 -0.146037 -1.54928 -0.0285645 -0.701932 0.0167789 0.711473
668 0.435323 -0.1477 -1.55187 -0.0265286 -0.699732 0.020791 0.71361
669 0.42531 -0.148582 -1.55682 -0.0263623 -0.697825 0.023961 0.715382
670 0.414707 -0.14888 -1.56181 -0.0262335 -0.697183 0.0242843 0.716002
671 0.405022 -0.153867 -1.56565 -0.0241983 -0.695249 0.0239725 0.717961
672 0.39515 -0.155027 -1.57143 -0.0209633 -0.691495 0.0239106 0.721681
673 0.384579 -0.157658 -1.57629 -0.0213429 -0.687345 0.0243821 0.725608
674 0.376722 -0.15826 -1.57936 -0.021258 -0.684708 0.0239986 0.728112
675 0.366171 -0.162619 -1.58256 -0.0212308 -0.68146 0.0247464 0.731129
676 0.356886 -0.165537 -1.58476 -0.020246 -0.679814 0.0288467 0.732537
677 0.349274 -0.167329 -1.58762 -0.0199496 -0.67702 0.0302939 0.73507
678 0.339978 -0.169429 -1.59247 -0.019465 -0.674358 0.0326622 0.737425
679 0.331785 -0.17008 -1.59761 -0.0167356 -0.672338 0.034498 0.739251
680 0.322519 -0.172488 -1.60219 -0.0161798 -0.669518 0.0344149 0.741822
681 0.313646 -0.177396 -1.6069 -0.0148156 -0.666838 0.0353876 0.744215
682 0.305669 -0.179858 -1.61161 -0.0138284 -0.663813 0.0368773 0.74686
683 0.29826 -0.183238 -1.61597 -0.0118319 -0.660846 0.0382756 0.749451
684 0.29158 -0.185411 -1.62102 -0.00994452 -0.658239 0.0392602 0.751719
685 0.283057 -0.189291 -1.62669 -0.0113166 -0.655695 0.0385892 0.753954
686 0.276047 -0.192121 -1.63153 -0.0120169 -0.653555 0.0401858 0.755716
687 0.268278 -0.194081 -1.63781 -0.0106903 -0.649708 0.0421586 0.758939
688 0.259846 -0.195466 -1.64385 -0.0092733 -0.646393 0.0445544 0.761646
689 0.253375 -0.198564 -1.65119 -0.00687758 -0.642812 0.0452475 0.764656
690 0.242326 -0.205624 -1.65864 -0.00566932 -0.637536 0.0443923 0.76912
691 0.232324 -0.207198 -1.66614 -0.00306801 -0.632141 0.047158 0.773411
692 0.22424 -0.207071 -1.67462 -0.00223417 -0.628822 0.0494193 0.775974
693 0.218506 -0.20708 -1.68412 -0.000145838 -0.623703 0.0516622 0.779952
694 0.212746 -0.207496 -1.69277 -0.000371853 -0.617953 0.0532241 0.784411
695 0.203851 -0.21289 -1.70051 -0.00222979 -0.612486 0.0538489 0.788642
696 0.195953 -0.215354 -1.70684 -0.00401118 -0.606668 0.0548674 0.793049
697 0.188216 -0.220937 -1.71532 -0.00683422 -0.60182 0.0556501 0.796662
698 0.179959 -0.223882 -1.72184 -0.00534095 -0.596108 0.0573262 0.800838
699 0.169889 -0.228323 -1.73059 -0.00430544 -0.590706 0.0592534 0.804697
700 0.160952 -0.23219 -1.73949 -0.00523255 -0.586412 0.0606399 0.807723
701 0.153 -0.234352 -1.74659 -0.00438068 -0.581636 0.0628803 0.811004
702 0.145414 -0.236151 -1.7509 -0.0043136 -0.577465 0.0632766 0.813948
703 0.136917 -0.242409 -1.75496 -0.00458636 -0.573593 0.0642889 0.816601
704 0.128339 -0.246727 -1.76126 -0.00482126 -0.57011 0.0661081 0.81889
705 0.123175 -0.245929 -1.76592 -0.00208876 -0.56465 0.0692438 0.822418
706 0.113499 -0.24891 -1.77006 -0.00114052 -0.560314 0.0691942 0.825384
707 0.105503 -0.252638 -1.77379 -0.000483622 -0.556103 0.0691676 0.82823
708 0.10055 -0.248798 -1.77947 0.00258878 -0.551577 0.0677097 0.831367
709 0.0930446 -0.249898 -1.78328 0.00412099 -0.544542 0.0655094 0.836161
710 0.0820416 -0.258945 -1.78509 0.0041576 -0.541347 0.0645948 0.838304
711 0.0740915 -0.261041 -1.78846 0.00870278 -0.539684 0.0645745 0.839343
712 0.0701064 -0.257196 -1.78942 0.0104806 -0.536972 0.0626257 0.841207
713 0.0616688 -0.266842 -1.79144 0.00868156 -0.53356 0.0594772 0.843623
714 0.0513542 -0.27391 -1.7932 0.00998544 -0.531923 0.0604832 0.844571
715 0.0445602 -0.274532 -1.79103 0.0143907 -0.529486 0.0618209 0.84594
716 0.0368537 -0.276698 -1.7877 0.0137601 -0.527793 0.0626961 0.846944
717 0.0287689 -0.282456 -1.78486 0.0134167 -0.525309 0.0616789 0.848567
718 0.0200003 -0.284665 -1.78324 0.0161871 -0.523247 0.0633749 0.849667
719 0.0124119 -0.287076 -1.77958 0.019771 -0.521629 0.0641503 0.850527
720 0.00482225 -0.286409 -1.77426 0.0188531 -0.520666 0.0647864 0.85109
721 -0.00368904 -0.288914 -1.7698 0.0199133 -0.518108 0.0634007 0.85273
722 -0.0134388 -0.288964 -1.76421 0.0188903 -0.51389 0.0646845 0.855205
723 -0.0228653 -0.291112 -1.76059 0.021121 -0.512366 0.0641325 0.856109
724 -0.0327944 -0.291835 -1.7546 0.0220992 -0.509094 0.0660363 0.857889
725 -0.0398402 -0.293053 -1.75086 0.0251506 -0.507944 0.0700332 0.85817
726 -0.0514354 -0.29424 -1.74436 0.0281947 -0.505964 0.0722346 0.859062
727 -0.0615852 -0.295187 -1.73775 0.0304939 -0.504523 0.0732585 0.859744
728 -0.0712019 -0.296131 -1.73007 0.0314936 -0.503966 0.0730977 0.860048
729 -0.0816689 -0.296917 -1.72291 0.0316943 -0.499464 0.0728456 0.862685
730 -0.093301 -0.297962 -1.71661 0.0296688 -0.49692 0.0736705 0.864154
731 -0.104325 -0.300137 -1.70921 0.0298227 -0.492322 0.0736144 0.866782
732 -0.113098 -0.301406 -1.70247 0.0327203 -0.488024 0.0738109 0.869088
733 -0.122768 -0.305006 -1.69439 0.0364653 -0.484194 0.0719419 0.871235
734 -0.133332 -0.306717 -1.68671 0.0388836 -0.481437 0.0704156 0.872782
735 -0.144111 -0.310098 -1.67736 0.0410734 -0.47767 0.0689593 0.874865
736 -0.153683 -0.311878 -1.6678 0.043707 -0.472825 0.0692086 0.877346
737 -0.162391 -0.313338 -1.6583 0.0491367 -0.469124 0.0691199 0.879051
738 -0.171257 -0.313833 -1.64964 0.053569 -0.464993 0.0712854 0.880812
739 -0.180656 -0.314429 -1.64066 0.0561809 -0.461936 0.0747679 0.881969
740 -0.190051 -0.316758 -1.63309 0.0613875 -0.460524 0.0765865 0.882204
741 -0.197708 -0.319069 -1.62545 0.0683213 -0.458963 0.0789001 0.882304
742 -0.203287 -0.319275 -1.61627 0.0727433 -0.457563 0.0789343 0.882674
743 -0.208141 -0.318793 -1.60873 0.0756515 -0.456626 0.0785765 0.882947
744 -0.213532 -0.320681 -1.60441 0.0793909 -0.456144 0.075948 0.883098
745 -0.219413 -0.322168 -1.59938 0.0819359 -0.453828 0.0739636 0.884226
746 -0.226303 -0.324686 -1.59266 0.0869088 -0.452233 0.0744015 0.884532
747 -0.23267 -0.329232 -1.58657 0.094064 -0.450632 0.0756275 0.884513
748 -0.238009 -0.331238 -1.57955 0.0992241 -0.448734 0.0766991 0.884822
749 -0.243784 -0.333636 -1.57368 0.105116 -0.446991 0.0783112 0.884882
750 -0.248392 -0.33411 -1.56909 0.111351 -0.446433 0.0794853 0.884297
751 -0.251661 -0.336345 -1.56469 0.115744 -0.44559 0.0796246 0.884145
752 -0.256555 -0.337213 -1.56028 0.121635 -0.44363 0.0800747 0.884299
753 -0.260951 -0.339001 -1.55494 0.124819 -0.443472 0.0823085 0.88373
754 -0.265815 -0.339524 -1.55042 0.129079 -0.443274 0.0838096 0.883076
755 -0.272002 -0.342359 -1.54569 0.132512 -0.441958 0.0861371 0.883003
756 -0.277686 -0.345891 -1.54285 0.137096 -0.44027 0.0880309 0.88296
757 -0.282712 -0.347218 -1.54 0.141507 -0.439342 0.0890407 0.882624
758 -0.289555 -0.350435 -1.53602 0.146028 -0.438408 0.0908472 0.882168
759 -0.296973 -0.356014 -1.53185 0.152745 -0.437267 0.0926431 0.88141
760 -0.30467 -0.359331 -1.53001 0.157776 -0.438052 0.096417 0.879727
761 -0.312593 -0.362216 -1.52705 0.164684 -0.439055 0.0990576 0.877666
762 -0.321109 -0.36835 -1.52651 0.167266 -0.438486 0.101808 0.877147
763 -0.329186 -0.372482 -1.52459 0.172532 -0.438402 0.102178 0.876126
764 -0.339389 -0.376998 -1.52239 0.176317 -0.437199 0.102876 0.875891
765 -0.347839 -0.37948 -1.52052 0.179786 -0.435453 0.105171 0.875783
766 -0.356373 -0.382647 -1.51751 0.181468 -0.434273 0.104384 0.876117
767 -0.365557 -0.387116 -1.51649 0.186054 -0.43303 0.106528 0.875512
768 -0.374562 -0.391855 -1.5144 0.189927 -0.43216 0.108546 0.874862
769 -0.383222 -0.396828 -1.51255 0.192678 -0.432249 0.110266 0.874001
770 -0.393688 -0.399935 -1.51083 0.195358 -0.4307 0.109297 0.874292
771 -0.402655 -0.400733 -1.50766 0.198408 -0.430709 0.109512 0.873574
772 -0.410697 -0.402961 -1.50828 0.201233 -0.43073 0.109328 0.87294
773 -0.420819 -0.404853 -1.50588 0.204477 -0.429448 0.109383 0.872811
774 -0.429534 -0.406156 -1.50639 0.206739 -0.427608 0.113099 0.872708
775 -0.440161 -0.406352 -1.50443 0.210907 -0.425585 0.114609 0.872502
776 -0.448901 -0.408732 -1.50345 0.213827 -0.423191 0.116216 0.872743
777 -0.45764 -0.410587 -1.50408 0.216456 -0.422066 0.119078 0.872254
778 -0.466883 -0.413806 -1.50293 0.219764 -0.421734 0.119444 0.871537
779 -0.475772 -0.414547 -1.50161 0.222005 -0.420488 0.117877 0.871785
780 -0.484489 -0.41585 -1.50062 0.223459 -0.418901 0.117941 0.872169
781 -0.492613 -0.415889 -1.50057 0.226896 -0.415636 0.118445 0.872775
782 -0.501706 -0.415697 -1.50062 0.22899 -0.412514 0.117485 0.873838
783 -0.508127 -0.416783 -1.50037 0.230989 -0.409198 0.117085 0.874924
784 -0.514318 -0.41658 -1.49878 0.232294 -0.406356 0.117182 0.87589
785 -0.520436 -0.418816 -1.49871 0.234296 -0.403624 0.115986 0.876778
786 -0.525025 -0.42114 -1.49937 0.236949 -0.401417 0.115613 0.877128
787 -0.529283 -0.422702 -1.49845 0.236921 -0.3989 0.11539 0.878312
788 -0.535216 -0.422661 -1.49809 0.237847 -0.393613 0.113887 0.88064
789 -0.541254 -0.422683 -1.49737 0.238832 -0.390023 0.113784 0.881983
790 -0.547153 -0.423492 -1.49703 0.239883 -0.38582 0.113462 0.883586
791 -0.55301 -0.422022 -1.49691 0.24211 -0.382702 0.113806 0.884291
792 -0.557646 -0.42154 -1.49664 0.241991 -0.378553 0.112656 0.886254
793 -0.560044 -0.421024 -1.49631 0.243404 -0.375943 0.111835 0.887082
794 -0.56452 -0.41946 -1.49609 0.241572 -0.372487 0.108957 0.889396
795 -0.567549 -0.418341 -1.4937 0.239168 -0.371092 0.105723 0.891017
796 -0.569508 -0.417049 -1.49227 0.236214 -0.366867 0.10101 0.894097
797 -0.570956 -0.414895 -1.49183 0.235209 -0.365325 0.0984166 0.895281
798 -0.574358 -0.412418 -1.49061 0.231597 -0.362785 0.0946153 0.897662
799 -0.575481 -0.408874 -1.49039 0.228355 -0.359886 0.0925172 0.899876
800 -0.577092 -0.406302 -1.48817 0.225864 -0.357986 0.0895129 0.901565
801 -0.579928 -0.404036 -1.48516 0.224538 -0.356297 0.0865954 0.902849
802 -0.580497 -0.404239 -1.48382 0.224449 -0.355485 0.0828769 0.90354
803 -0.581783 -0.404777 -1.48197 0.223357 -0.353068 0.0799135 0.905024
804 -0.582623 -0.404278 -1.48051 0.223145 -0.35054 0.077204 0.906293
805 -0.584768 -0.402237 -1.48046 0.22202 -0.34616 0.0736797 0.908544
806 -0.586506 -0.39913 -1.47723 0.222242 -0.342177 0.0704663 0.910252
807 -0.587082 -0.396338 -1.47512 0.22121 -0.339075 0.0675237 0.911885
808 -0.587354 -0.391579 -1.47507 0.216822 -0.337794 0.0653985 0.913568
809 -0.588524 -0.388726 -1.47244 0.214614 -0.336727 0.0645917 0.91454
810 -0.58932 -0.385187 -1.47226 0.212627 -0.334957 0.0658571 0.915563
811 -0.591304 -0.381071 -1.47135 0.21033 -0.334431 0.0647187 0.916367
812 -0.590412 -0.377266 -1.46866 0.209046 -0.334159 0.0638381 0.916822
813 -0.591834 -0.37299 -1.46713 0.205317 -0.334191 0.061851 0.917789
814 -0.593589 -0.368537 -1.46172 0.202925 -0.33193 0.0608766 0.919205
815 -0.593231 -0.363615 -1.4596 0.199145 -0.330612 0.0589703 0.92063
816 -0.594568 -0.35946 -1.45685 0.195039 -0.330074 0.0590842 0.921694
817 -0.594794 -0.353633 -1.4554 0.193524 -0.330478 0.0584735 0.921908
818 -0.595181 -0.350932 -1.45021 0.192154 -0.332638 0.0593568 0.92136
819 -0.596287 -0.347121 -1.44411 0.188805 -0.331967 0.0582414 0.922366
820 -0.595411 -0.345015 -1.43825 0.186053 -0.333262 0.0545099 0.922686
821 -0.59693 -0.341907 -1.43289 0.185059 -0.332585 0.0506788 0.923348
822 -0.597499 -0.34076 -1.4277 0.181794 -0.33079 0.0473721 0.924816
823 -0.597535 -0.338413 -1.42268 0.180224 -0.327519 0.0453864 0.926386
824 -0.598721 -0.334195 -1.41647 0.178331 -0.325739 0.0436247 0.927464
825 -0.597915 -0.332536 -1.41021 0.177113 -0.323929 0.0403718 0.928478
826 -0.598087 -0.328671 -1.4032 0.176479 -0.322381 0.0373336 0.929264
827 -0.599627 -0.323955 -1.39832 0.17381 -0.322029 0.0338593 0.930022
828 -0.600132 -0.317873 -1.39124 0.170914 -0.320164 0.0294686 0.931351
829 -0.601482 -0.313752 -1.38513 0.164999 -0.317464 0.0282515 0.933378
830 -0.601321 -0.30742 -1.38084 0.160975 -0.314912 0.0245877 0.935047
831 -0.602761 -0.302387 -1.37499 0.157947 -0.312738 0.0228343 0.936337
832 -0.603674 -0.298261 -1.36824 0.153682 -0.310744 0.021787 0.937734
833 -0.606632 -0.292214 -1.36302 0.15039 -0.310689 0.0190891 0.938345
834 -0.608394 -0.289588 -1.35642 0.148102 -0.309353 0.0173812 0.939183
835 -0.608759 -0.285349 -1.35016 0.142858 -0.306791 0.0136235 0.940896
836 -0.610243 -0.281564 -1.344 0.138258 -0.306649 0.0108327 0.941666
837 -0.611927 -0.27641 -1.33923 0.13301 -0.304882 0.00584341 0.943038
838 -0.610048 -0.271325 -1.33266 0.12927 -0.302875 0.00291136 0.944218
839 -0.614426 -0.266456 -1.3315 0.125328 -0.299498 -0.001462 0.945828
840 -0.617148 -0.263052 -1.32754 0.123144 -0.296645 -0.00277644 0.947011
841 -0.619304 -0.262479 -1.32234 0.119358 -0.294287 -0.00530757 0.94822
842 -0.61974 -0.259379 -1.31786 0.117819 -0.291148 -0.00807074 0.949361
843 -0.622608 -0.256068 -1.31199 0.114503 -0.290954 -0.0109072 0.949798
844 -0.622423 -0.253029 -1.3072 0.110022 -0.287984 -0.0141557 0.951189
845 -0.622518 -0.25157 -1.30285 0.104879 -0.286702 -0.0147532 0.952147
846 -0.62389 -0.245717 -1.29909 0.102087 -0.282324 -0.0174168 0.953713
847 -0.626292 -0.240762 -1.29574 0.100863 -0.281592 -0.0169481 0.954068
848 -0.627694 -0.23314 -1.29311 0.100084 -0.281358 -0.0180059 0.9542
849 -0.628102 -0.228105 -1.29147 0.0970371 -0.279726 -0.0159262 0.955031
850 -0.630175 -0.2251 -1.2895 0.0950296 -0.278362 -0.0152931 0.955641
851 -0.629202 -0.219454 -1.28462 0.0951341 -0.278086 -0.0166284 0.955689
852 -0.630942 -0.215569 -1.2825 0.0919206 -0.274951 -0.0171943 0.9569
853 -0.631287 -0.210691 -1.27936 0.0894632 -0.273487 -0.018243 0.957533
854 -0.630197 -0.20731 -1.27633 0.0876176 -0.269922 -0.0191434 0.958696
855 -0.629539 -0.203607 -1.27353 0.0886545 -0.268203 -0.02007 0.959065
856 -0.63041 -0.202492 -1.27173 0.0873103 -0.265465 -0.0214193 0.95992
857 -0.633452 -0.199339 -1.27027 0.0870889 -0.263219 -0.0225888 0.960532
858 -0.633123 -0.191771 -1.26857 0.0877614 -0.262971 -0.0254724 0.960466
859 -0.633525 -0.186848 -1.26762 0.0836704 -0.262483 -0.0271771 0.960918
860 -0.633472 -0.181854 -1.26475 0.0818736 -0.262495 -0.0279494 0.961047
861 -0.634338 -0.1786 -1.26482 0.0808576 -0.262968 -0.0270466 0.96103
862 -0.632223 -0.171484 -1.26427 0.0790131 -0.262738 -0.0277498 0.961226
863 -0.631505 -0.167202 -1.26324 0.0745298 -0.261254 -0.0271731 0.962005
864 -0.630879 -0.166874 -1.26138 0.0726825 -0.258498 -0.0273294 0.962886
865 -0.632369 -0.163884 -1.25987 0.0715993 -0.257884 -0.0258704 0.963172
866 -0.63177 -0.162324 -1.25895 0.069769 -0.258042 -0.0250974 0.963284
867 -0.633256 -0.156372 -1.25879 0.0697625 -0.257967 -0.0269986 0.963254
868 -0.631236 -0.153767 -1.25847 0.0677192 -0.256055 -0.0290448 0.96385
869 -0.631383 -0.150608 -1.25656 0.0662001 -0.254687 -0.0301217 0.964285
870 -0.632383 -0.149112 -1.25429 0.0645061 -0.253903 -0.0305863 0.964592
871 -0.631963 -0.144452 -1.25272 0.0625167 -0.255007 -0.0312961 0.964408
872 -0.632604 -0.141865 -1.25176 0.0621325 -0.254403 -0.0308398 0.964608
873 -0.63444 -0.14137 -1.251 0.059584 -0.255374 -0.032116 0.96447
874 -0.634436 -0.14269 -1.25194 0.0578247 -0.255184 -0.0338721 0.964567
875 -0.63498 -0.141035 -1.25091 0.0577798 -0.255954 -0.0346877 0.964337
876 -0.636507 -0.140804 -1.24843 0.0564745 -0.255549 -0.036359 0.96446
877 -0.636884 -0.138936 -1.24704 0.0570375 -0.255503 -0.0372364 0.964406
878 -0.637811 -0.13851 -1.24574 0.0565711 -0.25428 -0.0369847 0.964766
879 -0.640199 -0.138913 -1.24336 0.0570442 -0.255277 -0.037465 0.964456
880 -0.640069 -0.137735 -1.23994 0.0572342 -0.256001 -0.0361864 0.964302
