1 0 0 -2.5 0 0 0 1
2 -0.0051775 -0.00115871 -2.50001 0.000447757 -3.39317e-05 0.000117185 1
3 -0.0031929 -0.000418425 -2.50123 0.00108387 -0.00139582 4.73932e-05 0.999998
4 -0.00653672 -0.00119781 -2.49951 0.00100476 -0.00110919 -0.000146333 0.999999
5 -0.00556302 -0.000668287 -2.50051 0.00133166 -0.00147206 -0.000200198 0.999998
6 -0.00569749 -0.000468016 -2.50016 0.00111851 -0.00156431 -9.0942e-05 0.999998
7 -0.00726962 -0.000648022 -2.50033 0.00112797 -0.00148532 -2.97502e-05 0.999998
8 -0.00944042 -6.91414e-06 -2.50035 0.0010548 -0.0013537 -0.000319012 0.999998
9 -0.00954485 -0.00124764 -2.49963 0.000766077 -0.0015171 -0.000618172 0.999998
10 -0.0106447 -0.000277996 -2.49894 0.000944848 -0.00161834 -0.00110767 0.999998
11 -0.0106599 -0.000167608 -2.49985 0.00059299 -0.00163559 -0.00178003 0.999997
12 -0.0133462 1.33514e-05 -2.49929 0.000257541 -0.000808905 -0.00242135 0.999997
13 -0.0132873 -0.00122643 -2.49988 -0.000358373 -0.000882717 -0.00266143 0.999996
14 -0.0166674 -0.00240564 -2.49902 -0.00018818 -0.00019013 -0.00283176 0.999996
15 -0.0157616 -0.000545263 -2.50034 0.000436675 -0.00036646 -0.00304797 0.999995
16 -0.0180395 0.000766277 -2.5021 -0.000113291 0.000535389 -0.00338442 0.999994
17 -0.019721 0.00067687 -2.50104 -0.0011583 0.00100417 -0.00346476 0.999993
18 -0.0213499 0.000317335 -2.50154 -0.00173789 0.00147606 -0.0038547 0.99999
19 -0.0246902 0.00158858 -2.50212 -0.00210011 0.0024792 -0.00448241 0.999985
20 -0.0279191 0.000589371 -2.50179 -0.00299049 0.0035784 -0.00474758 0.999978
21 -0.0341349 0.00145125 -2.5025 -0.00306944 0.00514112 -0.00470259 0.999971
22 -0.0334823 0.0022819 -2.50445 -0.00371044 0.00566729 -0.00474032 0.999966
23 -0.0426419 0.000605583 -2.50524 -0.00476605 0.00803238 -0.00488262 0.999944
24 -0.0438895 -0.000823975 -2.5061 -0.00466326 0.00898523 -0.00526017 0.999935
25 -0.050745 0.000908375 -2.50551 -0.00378647 0.0113804 -0.00535058 0.999914
26 -0.0569243 0.00155139 -2.50818 -0.0042988 0.0137005 -0.00496618 0.999885
27 -0.0621893 -0.000357151 -2.50853 -0.00501163 0.0154508 -0.00441175 0.999858
28 -0.0688198 -0.00075388 -2.51175 -0.00459482 0.0176551 -0.00384245 0.999826
29 -0.079319 0.000298738 -2.50991 -0.00435259 0.0204062 -0.00359687 0.999776
30 -0.0863693 -0.000628471 -2.51202 -0.00493514 0.0222641 -0.00339892 0.999734
31 -0.0938022 -0.00117517 -2.51472 -0.0048153 0.0245707 -0.00312128 0.999682
32 -0.0998557 -0.000732899 -2.5152 -0.0045434 0.0262407 -0.00260401 0.999642
33 -0.130777 -9.27448e-05 -2.51606 -0.00451665 0.0306998 -0.00316697 0.999513
34 -0.134533 -0.0010004 -2.51902 -0.0049161 0.0316589 -0.00200251 0.999485
35 -0.140769 -0.0019083 -2.52099 -0.00454862 0.0326662 -0.000270878 0.999456
36 -0.152636 0.000495195 -2.51997 -0.00384445 0.0345563 0.000365066 0.999395
37 -0.165582 0.0011394 -2.51947 -0.00452712 0.037234 0.000379917 0.999296
38 -0.16907 0.00155234 -2.52333 -0.00509614 0.0384912 9.63136e-05 0.999246
39 -0.179968 0.00332546 -2.52296 -0.0057852 0.0412703 -0.000565971 0.999131
40 -0.19135 0.00459909 -2.52147 -0.00719318 0.0441586 -0.00145006 0.998998
41 -0.205956 0.00313306 -2.51921 -0.00900128 0.0470338 -0.00184561 0.998851
42 -0.213385 0.00284457 -2.51559 -0.00953916 0.0477737 -0.00229329 0.99881
43 -0.220254 0.00336766 -2.51807 -0.00986113 0.0489334 -0.00310307 0.998749
44 -0.229484 0.00134969 -2.51396 -0.0105742 0.0498695 -0.00384971 0.998692
45 -0.236012 0.000721931 -2.51385 -0.00997783 0.0504319 -0.0044728 0.998668
46 -0.239271 0.0026226 -2.51436 -0.00907996 0.0505519 -0.00554449 0.998665
47 -0.244213 0.00290346 -2.51325 -0.00942722 0.0511418 -0.00640783 0.998626
48 -0.252192 0.00175571 -2.51243 -0.00957557 0.0524949 -0.00651466 0.998554
49 -0.267858 0.00250959 -2.50734 -0.00873543 0.0549762 -0.00623195 0.99843
50 -0.266013 0.00248981 -2.51056 -0.00825396 0.0543559 -0.0058697 0.99847
51 -0.270367 0.0020113 -2.51137 -0.00734657 0.0550164 -0.00594595 0.998441
52 -0.272511 0.00428343 -2.5151 -0.00590648 0.0553022 -0.00676695 0.998429
53 -0.286827 0.00632548 -2.5091 -0.00588463 0.0569458 -0.00788605 0.998329
54 -0.289299 0.00537658 -2.50935 -0.00658888 0.0567265 -0.00897785 0.998328
55 -0.311174 0.00554037 -2.49972 -0.00627617 0.060524 -0.00989316 0.998098
56 -0.316518 0.0084722 -2.49933 -0.00549061 0.0610825 -0.0102859 0.998065
57 -0.326733 0.00946498 -2.49651 -0.00650811 0.0627055 -0.00976439 0.997963
58 -0.342247 0.00746775 -2.49043 -0.00727015 0.0656675 -0.00866021 0.997778
59 -0.345667 0.00931931 -2.49273 -0.00643191 0.0661823 -0.0074216 0.997759
60 -0.353086 0.0110216 -2.49324 -0.00698067 0.0677809 -0.00623969 0.997656
61 -0.37916 0.011287 -2.48254 -0.00798371 0.0738178 -0.00517273 0.997226
62 -0.388655 0.0127296 -2.48171 -0.00874708 0.0772004 -0.00393962 0.996969
63 -0.402459 0.0119624 -2.47706 -0.0101231 0.0812473 -0.00198092 0.996641
64 -0.417611 0.0126162 -2.4734 -0.0109109 0.0853415 -7.72584e-05 0.996292
65 -0.429354 0.0114393 -2.47152 -0.0122999 0.0889255 0.00100647 0.995962
66 -0.440646 0.00899196 -2.4692 -0.0131535 0.0925483 0.00190297 0.99562
67 -0.452896 0.00920677 -2.4703 -0.0129844 0.0957704 0.00222552 0.995316
68 -0.463392 0.00921869 -2.46565 -0.0137113 0.0984506 0.00184511 0.995046
69 -0.473216 0.00715256 -2.46614 -0.0149754 0.101013 0.00123652 0.994772
70 -0.481081 0.00614595 -2.46959 -0.0156723 0.102342 -4.61098e-05 0.994626
71 -0.49878 0.000350714 -2.46644 -0.0171339 0.107008 -0.00395464 0.994103
72 -0.509761 -0.00118637 -2.46479 -0.0167481 0.109822 -0.00560743 0.993794
73 -0.51212 -0.00341415 -2.46818 -0.016555 0.110863 -0.00727387 0.993671
74 -0.513652 -0.00778294 -2.47098 -0.0165421 0.111473 -0.00870752 0.993592
75 -0.511544 -0.0119503 -2.47967 -0.0150729 0.112381 -0.00997567 0.993501
76 -0.512087 -0.012918 -2.48722 -0.0127309 0.114025 -0.0111507 0.993334
77 -0.51025 -0.0148966 -2.49511 -0.0114784 0.115609 -0.0116148 0.993161
78 -0.517864 -0.0184133 -2.49754 -0.0106865 0.119079 -0.0116545 0.992759
79 -0.521706 -0.02178 -2.50164 -0.00901275 0.12187 -0.0115104 0.992438
80 -0.534868 -0.0204465 -2.49889 -0.00683562 0.126331 -0.0113392 0.9919
81 -0.544214 -0.0205131 -2.49983 -0.00682556 0.130758 -0.0106877 0.991333
82 -0.552806 -0.0229292 -2.50348 -0.00724182 0.134936 -0.0096851 0.99078
83 -0.566626 -0.0216241 -2.50375 -0.00699914 0.139839 -0.00921299 0.990107
84 -0.581641 -0.0226288 -2.50382 -0.00807553 0.145666 -0.00891834 0.989261
85 -0.597998 -0.0230052 -2.49998 -0.00834578 0.152239 -0.00806341 0.988276
86 -0.608747 -0.021652 -2.50078 -0.00861066 0.15603 -0.00636123 0.987694
87 -0.623082 -0.0218272 -2.50077 -0.00942852 0.159941 -0.00449344 0.987071
88 -0.633385 -0.0218837 -2.50092 -0.00973134 0.163295 -0.00264975 0.986526
89 -0.641665 -0.01985 -2.50266 -0.00959426 0.165977 -0.000992568 0.986082
90 -0.657657 -0.0181561 -2.49986 -0.0106136 0.170105 0.000131587 0.985369
91 -0.674404 -0.0200324 -2.49448 -0.0121453 0.174739 0.000877985 0.984539
92 -0.67968 -0.0192292 -2.49843 -0.0118834 0.176484 0.00141246 0.984231
93 -0.687665 -0.0166559 -2.49931 -0.0120587 0.178964 0.00167133 0.98378
94 -0.702046 -0.0175636 -2.49241 -0.0131946 0.182448 0.00211683 0.983125
95 -0.71326 -0.0169797 -2.49321 -0.0130443 0.185563 0.00231155 0.982543
96 -0.719391 -0.0138583 -2.49153 -0.0130155 0.187357 0.00227633 0.982203
97 -0.735461 -0.0128744 -2.48751 -0.0143885 0.191367 0.0024231 0.98141
98 -0.741572 -0.0141625 -2.48418 -0.0156062 0.193197 0.00266465 0.981032
99 -0.750697 -0.0133512 -2.48003 -0.015468 0.195693 0.0025108 0.98054
100 -0.760226 -0.0110695 -2.47389 -0.0152943 0.198555 0.002056 0.979968
101 -0.764189 -0.0094192 -2.47233 -0.0157504 0.199704 0.00140937 0.979729
102 -0.776021 -0.00846767 -2.46546 -0.0162554 0.203156 0.00099548 0.979011
103 -0.790066 -0.00554729 -2.45206 -0.0162549 0.207552 0.00100064 0.978088
104 -0.793209 -0.00509667 -2.45034 -0.0171396 0.209692 0.00171576 0.977616
105 -0.800307 -0.00532603 -2.44506 -0.0170798 0.212582 0.00249109 0.976991
106 -0.800711 -0.00196409 -2.44939 -0.0162296 0.213468 0.0030248 0.976811
107 -0.811399 -0.000273466 -2.44058 -0.0171458 0.216714 0.00266632 0.976081
108 -0.813449 -0.000233173 -2.4396 -0.0182748 0.218896 0.00300565 0.975572
109 -0.822225 0.00108695 -2.4309 -0.0188993 0.223183 0.00363299 0.974587
110 -0.82933 0.00307727 -2.42405 -0.0197793 0.226875 0.00422994 0.973714
111 -0.838137 0.00310707 -2.41585 -0.0213609 0.231271 0.00476968 0.972643
112 -0.842918 0.00361729 -2.41159 -0.0223677 0.234799 0.0054503 0.971771
113 -0.854894 0.0048368 -2.39871 -0.0233346 0.240201 0.0064473 0.970421
114 -0.855888 0.00503635 -2.39692 -0.0248614 0.242757 0.00742912 0.96974
115 -0.867426 0.0032258 -2.38408 -0.0264632 0.247909 0.00839383 0.968385
116 -0.876014 0.000895262 -2.3728 -0.0264781 0.251601 0.00907423 0.967426
117 -0.882273 0.00296593 -2.36868 -0.0252907 0.255091 0.00884854 0.966546
118 -0.889371 0.00390649 -2.36137 -0.0257366 0.258867 0.00816645 0.965535
119 -0.896979 0.00311637 -2.35263 -0.0264671 0.262781 0.00762443 0.964462
120 -0.907442 0.00482321 -2.33366 -0.0267905 0.267146 0.00673025 0.96326
121 -0.909269 0.00323296 -2.3329 -0.0283379 0.269233 0.00620891 0.962638
122 -0.915591 -0.00078702 -2.32591 -0.0287165 0.272289 0.00627708 0.961766
123 -0.925969 -0.000339031 -2.30887 -0.0269868 0.276976 0.00624884 0.960477
124 -0.930951 0.000310659 -2.30373 -0.0259467 0.28054 0.00660103 0.959469
125 -0.936399 -0.000400066 -2.29594 -0.0255737 0.283922 0.00673521 0.958483
126 -0.947062 -0.000132322 -2.27784 -0.0251898 0.28907 0.00620477 0.956957
127 -0.953253 0.00044775 -2.27183 -0.0253544 0.292802 0.00565511 0.95582
128 -0.957801 0.000556946 -2.2648 -0.0257917 0.296211 0.00553318 0.954758
129 -0.967608 0.00208378 -2.24553 -0.0259741 0.30127 0.00585437 0.953167
130 -0.971791 0.00184369 -2.24135 -0.0265021 0.304886 0.00682043 0.951995
131 -0.972405 0.00209475 -2.24412 -0.0265899 0.308017 0.00761905 0.950979
132 -0.984007 0.00334191 -2.22382 -0.0269901 0.314351 0.00789897 0.94889
133 -0.994051 0.00198889 -2.20634 -0.0275288 0.321446 0.00852609 0.946489
134 -0.997914 0.00196862 -2.2024 -0.0268648 0.326329 0.00925476 0.944829
135 -1.00586 0.00294709 -2.18963 -0.0260591 0.33168 0.0101427 0.942977
136 -1.01186 0.00339556 -2.17988 -0.0255977 0.335562 0.0113821 0.941601
137 -1.01831 0.00479603 -2.17516 -0.0248581 0.340094 0.0124411 0.939981
138 -1.02526 0.00751638 -2.17 -0.0248811 0.345292 0.013453 0.938069
139 -1.03587 0.0078752 -2.15491 -0.0264789 0.351877 0.0146401 0.935557
140 -1.04218 0.00698566 -2.14918 -0.027937 0.357033 0.0155612 0.933544
141 -1.05267 0.00811362 -2.13368 -0.0286615 0.363373 0.0163643 0.931059
142 -1.0588 0.00652194 -2.12296 -0.0297832 0.368189 0.0177925 0.929103
143 -1.06602 0.00539136 -2.11459 -0.0293569 0.372833 0.0188866 0.927242
144 -1.07239 0.00697017 -2.10762 -0.028173 0.376924 0.0193733 0.925613
145 -1.07909 0.00763893 -2.09767 -0.027569 0.38151 0.0196063 0.923745
146 -1.09077 0.0100851 -2.07547 -0.027199 0.38874 0.0192058 0.920746
147 -1.09259 0.0104446 -2.0721 -0.0278721 0.392503 0.0190239 0.919132
148 -1.09774 0.0104425 -2.06037 -0.0284124 0.397385 0.0189229 0.917017
149 -1.102 0.0113709 -2.05114 -0.0287217 0.401303 0.018853 0.915301
150 -1.10589 0.0116079 -2.04073 -0.0295804 0.404986 0.018783 0.913651
151 -1.10961 0.0109553 -2.02918 -0.0301411 0.40913 0.0188906 0.911782
152 -1.11392 0.0127838 -2.02024 -0.0300221 0.413161 0.0190951 0.909963
153 -1.11916 0.0144613 -2.00716 -0.0305687 0.417278 0.0199137 0.908046
154 -1.12127 0.0161095 -1.9992 -0.0312967 0.420793 0.0213881 0.906365
155 -1.12678 0.0161259 -1.98323 -0.0322011 0.425559 0.0232023 0.90406
156 -1.12963 0.0163927 -1.97174 -0.0324349 0.430248 0.0248391 0.901786
157 -1.13329 0.0174088 -1.95419 -0.0322172 0.435283 0.0263007 0.899332
158 -1.13424 0.0187862 -1.94619 -0.0319558 0.439421 0.02732 0.897297
159 -1.13596 0.0184808 -1.92961 -0.0321267 0.444573 0.0283253 0.894718
160 -1.13621 0.0187874 -1.9183 -0.031524 0.449326 0.0282593 0.892364
161 -1.13678 0.0215535 -1.90664 -0.0309379 0.454388 0.0277067 0.889835
162 -1.13831 0.0210898 -1.89265 -0.0314607 0.459687 0.0273829 0.887101
163 -1.13885 0.0204558 -1.87988 -0.0314189 0.464248 0.026528 0.88475
164 -1.14041 0.0204296 -1.86052 -0.0310882 0.469153 0.0253189 0.882206
165 -1.13987 0.0204358 -1.84839 -0.030778 0.472892 0.0236113 0.880266
166 -1.13899 0.0190217 -1.83711 -0.0306091 0.475825 0.0221589 0.878728
167 -1.13866 0.0197375 -1.82374 -0.0293062 0.478739 0.0207892 0.877222
168 -1.13891 0.0231826 -1.80836 -0.0289308 0.481801 0.0198918 0.875577
169 -1.14147 0.0222275 -1.78968 -0.030367 0.485977 0.0201721 0.873211
170 -1.1406 0.0198832 -1.77963 -0.0309595 0.488941 0.0206398 0.871523
171 -1.1403 0.0195088 -1.76562 -0.0303864 0.49176 0.0205943 0.869957
172 -1.14098 0.018894 -1.75039 -0.0299053 0.494474 0.0204485 0.868437
173 -1.14236 0.0179698 -1.73663 -0.0292421 0.496627 0.0203276 0.867233
174 -1.14195 0.0179753 -1.72369 -0.0283462 0.498026 0.0201919 0.866463
175 -1.14354 0.0186906 -1.70771 -0.0278005 0.498794 0.0196541 0.866052
176 -1.14235 0.0217376 -1.70027 -0.0279859 0.498637 0.0184717 0.866162
177 -1.14102 0.0226841 -1.69243 -0.0303702 0.499327 0.0179707 0.865695
178 -1.141 0.0208197 -1.67754 -0.0328065 0.501401 0.0182412 0.864401
179 -1.14032 0.0191243 -1.66329 -0.0338265 0.503565 0.0181244 0.863104
180 -1.13821 0.0191398 -1.65161 -0.0340494 0.505746 0.0174693 0.861833
181 -1.13885 0.0198748 -1.63659 -0.0342284 0.508891 0.0169039 0.859984
182 -1.14104 0.0204692 -1.61894 -0.0348219 0.51178 0.0162466 0.858257
183 -1.13886 0.0216446 -1.60758 -0.0355252 0.513829 0.0159678 0.857008
184 -1.13752 0.0223782 -1.59101 -0.0365458 0.517174 0.0159056 0.854952
185 -1.13813 0.0240619 -1.57143 -0.0373688 0.521361 0.0159321 0.852369
186 -1.13513 0.0245783 -1.56251 -0.0388463 0.525297 0.0162407 0.849877
187 -1.13307 0.0218418 -1.54567 -0.0400462 0.530101 0.0168456 0.846821
188 -1.13125 0.0202243 -1.52646 -0.0393503 0.535171 0.0164078 0.843667
189 -1.12922 0.0225284 -1.51072 -0.0380521 0.539465 0.0153516 0.841007
190 -1.12833 0.0212917 -1.49298 -0.0383896 0.544233 0.015313 0.837915
191 -1.12484 0.0158253 -1.47638 -0.0378037 0.548781 0.0155021 0.834967
192 -1.12536 0.0168388 -1.45666 -0.0344097 0.553809 0.0139465 0.831816
193 -1.12622 0.0225034 -1.43954 -0.0326695 0.558646 0.0125713 0.828667
194 -1.12544 0.0237286 -1.42568 -0.034409 0.563341 0.0130678 0.825404
195 -1.12392 0.0210319 -1.40722 -0.0368445 0.568084 0.0142476 0.822022
196 -1.12248 0.0181472 -1.39414 -0.0378366 0.572615 0.0152487 0.818809
197 -1.12184 0.0155008 -1.37578 -0.0373299 0.577918 0.0160093 0.815084
198 -1.12012 0.0157449 -1.35875 -0.0353063 0.582484 0.0161987 0.811913
199 -1.12051 0.01858 -1.34389 -0.0336596 0.586868 0.0162979 0.808819
200 -1.12038 0.0195632 -1.32365 -0.033647 0.591899 0.0170354 0.805129
201 -1.11776 0.0194981 -1.3124 -0.0338017 0.595755 0.0179616 0.802254
202 -1.11583 0.0189013 -1.29357 -0.0336776 0.600217 0.0186375 0.798911
203 -1.11418 0.0205355 -1.28012 -0.0327076 0.603848 0.0188985 0.796204
204 -1.11135 0.0225904 -1.26756 -0.0324343 0.60655 0.0192679 0.79415
205 -1.10802 0.0234346 -1.25291 -0.0334966 0.60916 0.0195917 0.792098
206 -1.10342 0.0212178 -1.23795 -0.0348239 0.61163 0.0200157 0.790124
207 -1.09904 0.0198414 -1.224 -0.0348568 0.613571 0.0193657 0.788632
208 -1.09439 0.0187454 -1.20985 -0.0344254 0.616167 0.018214 0.786652
209 -1.08856 0.0187297 -1.19779 -0.0333365 0.618961 0.0163862 0.784543
210 -1.08353 0.0217128 -1.18305 -0.0322867 0.622587 0.0145512 0.781749
211 -1.07595 0.0193162 -1.17025 -0.0328228 0.625371 0.0139698 0.779512
212 -1.06932 0.0162785 -1.15425 -0.0317954 0.628818 0.0125911 0.7768
213 -1.06192 0.0170918 -1.14088 -0.0292482 0.631261 0.0101258 0.774952
214 -1.0536 0.0185347 -1.1297 -0.0271116 0.633414 0.0086286 0.77329
215 -1.04375 0.0146966 -1.11668 -0.0258811 0.635392 0.00813744 0.771713
216 -1.0343 0.0127873 -1.09828 -0.0228908 0.637869 0.00626606 0.769779
217 -1.02518 0.0138009 -1.08824 -0.0200691 0.639449 0.00402946 0.768561
218 -1.01444 0.0116735 -1.07686 -0.0185213 0.641699 0.00277764 0.766728
219 -1.00327 0.0073452 -1.06374 -0.0167354 0.644543 0.0013702 0.764383
220 -0.993081 0.00708795 -1.05067 -0.0137934 0.647784 -0.000850274 0.761698
221 -0.983345 0.00643873 -1.03486 -0.0118866 0.650825 -0.00242393 0.759131
222 -0.971996 0.0038712 -1.02428 -0.0103587 0.653192 -0.00371925 0.757112
223 -0.960612 0.00151348 -1.0123 -0.00867826 0.656208 -0.00523035 0.754512
224 -0.949509 -0.000683546 -1.0034 -0.00659801 0.658886 -0.00644643 0.752187
225 -0.938609 -0.00398207 -0.990672 -0.00417548 0.661755 -0.00708695 0.749675
226 -0.925628 -0.00956964 -0.980969 -0.00123087 0.663355 -0.00759654 0.748266
227 -0.913247 -0.0146792 -0.965664 0.00249685 0.664808 -0.00914739 0.746954
228 -0.901711 -0.0184059 -0.957149 0.00652751 0.665376 -0.0115691 0.74639
229 -0.889944 -0.022342 -0.949397 0.0101544 0.665854 -0.0146073 0.74587
230 -0.879912 -0.0230083 -0.941265 0.013099 0.666505 -0.018911 0.745146
231 -0.86969 -0.025775 -0.93197 0.0144233 0.66733 -0.0228162 0.744273
232 -0.859307 -0.028511 -0.923841 0.0156301 0.668009 -0.0265396 0.743516
233 -0.848625 -0.0322168 -0.916078 0.0166977 0.669107 -0.0298508 0.742378
234 -0.837809 -0.0354235 -0.907995 0.0181585 0.670281 -0.0328231 0.741159
235 -0.827653 -0.0378301 -0.898556 0.0195665 0.671306 -0.0355393 0.740069
236 -0.816909 -0.0420063 -0.891337 0.0204991 0.672044 -0.0376343 0.73927
237 -0.8052 -0.0479836 -0.882386 0.021839 0.67288 -0.0395814 0.738369
238 -0.793616 -0.0531604 -0.873882 0.0239444 0.673652 -0.0420231 0.737465
239 -0.78267 -0.0577269 -0.864089 0.0263483 0.67452 -0.044693 0.736431
240 -0.772686 -0.0579529 -0.854634 0.0296809 0.675553 -0.0473915 0.735188
241 -0.762196 -0.0601499 -0.845221 0.03163 0.676722 -0.0494002 0.733898
242 -0.750459 -0.0661571 -0.836285 0.0324553 0.678269 -0.0512798 0.732303
243 -0.738474 -0.0726144 -0.826976 0.0340655 0.680755 -0.0539871 0.729724
244 -0.727675 -0.0747011 -0.818104 0.0371856 0.68365 -0.0570429 0.726627
245 -0.71681 -0.0770681 -0.808123 0.0402196 0.686626 -0.0591819 0.72348
246 -0.706873 -0.0764351 -0.797259 0.0433147 0.689482 -0.0608547 0.720441
247 -0.697115 -0.0775716 -0.787837 0.0453715 0.692595 -0.0614809 0.717268
248 -0.686657 -0.079298 -0.779346 0.0477149 0.696096 -0.0613103 0.713733
249 -0.676636 -0.0807848 -0.769361 0.0495605 0.700103 -0.0613433 0.709674
250 -0.666221 -0.0833018 -0.759531 0.0511756 0.704216 -0.0614138 0.705471
251 -0.657457 -0.0813782 -0.748124 0.0529509 0.708122 -0.0622406 0.701346
252 -0.649637 -0.0771441 -0.737593 0.0535097 0.71145 -0.0621158 0.697937
253 -0.639445 -0.0805001 -0.727588 0.0526712 0.714787 -0.060293 0.694745
254 -0.627972 -0.0871577 -0.717306 0.0524994 0.717695 -0.0585658 0.691902
255 -0.616065 -0.091635 -0.707623 0.0540355 0.719917 -0.0580391 0.689515
256 -0.60612 -0.0905318 -0.698005 0.0558431 0.722018 -0.0586167 0.687121
257 -0.595253 -0.0953991 -0.687944 0.055873 0.724756 -0.0588731 0.684208
258 -0.584246 -0.0991049 -0.680582 0.0567453 0.727663 -0.0601634 0.680931
259 -0.573872 -0.100202 -0.671401 0.057696 0.731052 -0.0620114 0.677044
260 -0.563814 -0.0991778 -0.663899 0.0583663 0.733692 -0.0635656 0.67398
261 -0.553819 -0.0989439 -0.655922 0.0581137 0.736353 -0.0643817 0.671016
262 -0.54237 -0.100149 -0.649542 0.0575795 0.738584 -0.0650574 0.66854
263 -0.531404 -0.0993552 -0.643023 0.057269 0.74054 -0.0659947 0.666307
264 -0.519362 -0.100911 -0.63604 0.0568602 0.742056 -0.0662793 0.664625
265 -0.50638 -0.103217 -0.631073 0.0565531 0.742883 -0.0671042 0.663644
266 -0.494218 -0.101942 -0.626688 0.0568508 0.74363 -0.0683828 0.662651
267 -0.482083 -0.100949 -0.619969 0.0563861 0.745 -0.0695443 0.661029
268 -0.469263 -0.100714 -0.617402 0.0557249 0.746197 -0.0703709 0.659646
269 -0.441956 -0.105167 -0.60547 0.0552024 0.748867 -0.0714433 0.656542
270 -0.426367 -0.109003 -0.601506 0.0567801 0.749134 -0.0735252 0.655872
271 -0.413409 -0.106709 -0.597692 0.0592776 0.749399 -0.0767888 0.654974
272 -0.399818 -0.107175 -0.592663 0.0603804 0.750434 -0.0786613 0.653464
273 -0.385511 -0.108252 -0.588537 0.0611376 0.751451 -0.08055 0.651993
274 -0.37158 -0.108108 -0.585479 0.0613731 0.752227 -0.0823137 0.650854
275 -0.35703 -0.109984 -0.581155 0.0605325 0.753151 -0.0837236 0.649684
276 -0.342374 -0.11146 -0.577276 0.0601246 0.754007 -0.0855178 0.648495
277 -0.327686 -0.113186 -0.573378 0.0603558 0.754686 -0.0873203 0.647442
278 -0.312551 -0.114883 -0.568876 0.0610973 0.755204 -0.0892489 0.646505
279 -0.297351 -0.117429 -0.56512 0.0617041 0.755611 -0.0911451 0.645707
280 -0.283101 -0.118195 -0.562147 0.0624306 0.756096 -0.0929702 0.644808
281 -0.270322 -0.116811 -0.557112 0.0628894 0.757087 -0.0942647 0.643411
282 -0.257051 -0.118097 -0.554269 0.0625309 0.758128 -0.094507 0.642184
283 -0.243516 -0.120003 -0.54811 0.0627749 0.759271 -0.0953308 0.640687
284 -0.23094 -0.120839 -0.543468 0.0641442 0.759569 -0.0967034 0.639991
285 -0.219396 -0.120513 -0.539108 0.0652219 0.759205 -0.0976496 0.64017
286 -0.208915 -0.119798 -0.53468 0.0650393 0.758567 -0.0977467 0.64093
287 -0.199086 -0.119463 -0.530349 0.0639455 0.757756 -0.0973425 0.64206
288 -0.189673 -0.118879 -0.523321 0.0628183 0.757133 -0.0968607 0.642979
289 -0.180468 -0.118953 -0.516909 0.0615065 0.756424 -0.0958719 0.644087
290 -0.172143 -0.117419 -0.509312 0.060705 0.755996 -0.0951057 0.644779
291 -0.163235 -0.118064 -0.502974 0.0606523 0.755187 -0.0945089 0.645818
292 -0.155523 -0.117779 -0.495483 0.0611135 0.754644 -0.0943487 0.646434
293 -0.148845 -0.116364 -0.487631 0.0611904 0.754704 -0.0938592 0.646428
294 -0.14272 -0.115779 -0.480001 0.0607767 0.75536 -0.0929259 0.645834
295 -0.136476 -0.115483 -0.47286 0.0598567 0.756507 -0.0921447 0.644688
296 -0.131331 -0.114397 -0.464629 0.0588816 0.757881 -0.0913337 0.643278
297 -0.126227 -0.113042 -0.455937 0.0578539 0.75962 -0.090251 0.641471
298 -0.12096 -0.112427 -0.446967 0.0573331 0.761378 -0.0895147 0.639534
299 -0.115692 -0.112691 -0.437809 0.056966 0.76274 -0.0892302 0.637982
300 -0.110818 -0.112297 -0.427736 0.0565929 0.764021 -0.0891051 0.636498
301 -0.106661 -0.111322 -0.416917 0.0559522 0.765246 -0.088539 0.635161
302 -0.102254 -0.110878 -0.406022 0.0552235 0.766567 -0.0875312 0.63377
303 -0.0981718 -0.110282 -0.394808 0.054748 0.767853 -0.0862253 0.632432
304 -0.0943185 -0.109218 -0.382381 0.054877 0.769007 -0.0850014 0.631183
305 -0.0904901 -0.108153 -0.369809 0.0554839 0.769839 -0.0840214 0.630246
306 -0.0870319 -0.107969 -0.357174 0.0549936 0.770708 -0.0825284 0.629423
307 -0.0843152 -0.107154 -0.344387 0.054262 0.771874 -0.080967 0.62826
308 -0.0824137 -0.105839 -0.33249 0.0533192 0.773359 -0.079078 0.626753
309 -0.0808456 -0.104224 -0.31948 0.0526247 0.775154 -0.0769384 0.624857
310 -0.0786055 -0.104179 -0.307639 0.0521933 0.77648 -0.0749505 0.623488
311 -0.0762633 -0.101759 -0.281519 0.05351 0.778159 -0.0722118 0.621603
312 -0.0755869 -0.100593 -0.269858 0.054005 0.778059 -0.0711503 0.621808
313 -0.0754877 -0.0983274 -0.256237 0.0540037 0.777824 -0.0702328 0.622206
314 -0.0748608 -0.0976717 -0.243881 0.0534495 0.777009 -0.0687578 0.623436
315 -0.0744474 -0.0970259 -0.23057 0.0532572 0.775712 -0.0680508 0.625143
316 -0.074467 -0.0954301 -0.218113 0.0533898 0.773752 -0.0677589 0.627588
317 -0.0748037 -0.0940545 -0.205693 0.0534632 0.771405 -0.0676131 0.63048
318 -0.0751567 -0.093518 -0.194799 0.0533317 0.768573 -0.067421 0.63396
319 -0.0759946 -0.0930116 -0.183637 0.0526691 0.765611 -0.0672377 0.637609
320 -0.0777635 -0.0911145 -0.172281 0.0524373 0.761932 -0.0675915 0.641983
321 -0.0788628 -0.0908978 -0.162208 0.0522516 0.75753 -0.0678567 0.647158
322 -0.0802427 -0.0891707 -0.153039 0.0522636 0.752555 -0.0682393 0.652896
323 -0.0815821 -0.0879538 -0.143271 0.051809 0.747139 -0.0682466 0.659121
324 -0.0821931 -0.0883777 -0.133523 0.0511149 0.741299 -0.0679821 0.665764
325 -0.0833766 -0.0876 -0.125846 0.0511533 0.73488 -0.0678372 0.672854
326 -0.0845164 -0.0874925 -0.115433 0.0507746 0.727958 -0.0678072 0.680369
327 -0.0840528 -0.0901053 -0.108439 0.0503042 0.720864 -0.0669044 0.688003
328 -0.0848177 -0.0904887 -0.0986502 0.0499151 0.714081 -0.0667273 0.695086
329 -0.0859221 -0.0903511 -0.0900776 0.0498904 0.707447 -0.0666502 0.701845
330 -0.0868926 -0.0904343 -0.0794523 0.0496248 0.701068 -0.0663587 0.708264
331 -0.0880121 -0.0904472 -0.0702868 0.0487641 0.694868 -0.0653838 0.714497
332 -0.0894132 -0.0901203 -0.0600057 0.0482152 0.688645 -0.0646032 0.720604
333 -0.0909471 -0.0894628 -0.0512962 0.0486921 0.682083 -0.064408 0.726803
334 -0.0923492 -0.0898759 -0.0416605 0.049219 0.675986 -0.0638569 0.732491
335 -0.0930307 -0.0913684 -0.0328791 0.0498605 0.669263 -0.0633545 0.738639
336 -0.0938648 -0.0934904 -0.0244236 0.050635 0.661717 -0.0640032 0.745299
337 -0.0948556 -0.0948427 -0.0173726 0.0523567 0.654296 -0.0650292 0.751616
338 -0.0965551 -0.0944839 -0.0112252 0.0539053 0.646996 -0.0664514 0.757677
339 -0.0982845 -0.0945849 -0.00558591 0.0546981 0.640243 -0.0669965 0.763288
340 -0.0997391 -0.0947664 -0.000216007 0.0550991 0.633129 -0.0672772 0.769146
341 -0.10119 -0.094768 0.00614691 0.055625 0.626366 -0.0674549 0.774611
342 -0.102518 -0.0946791 0.0115519 0.0559809 0.620029 -0.0668207 0.779721
343 -0.102833 -0.0960808 0.0178498 0.0562129 0.613228 -0.0662799 0.785111
344 -0.104025 -0.0954425 0.0240127 0.0586394 0.606039 -0.0664047 0.790486
345 -0.104941 -0.0949435 0.0297171 0.0602604 0.598815 -0.0667458 0.795823
346 -0.106749 -0.0931149 0.0347382 0.0608557 0.592807 -0.0665183 0.800282
347 -0.106697 -0.0951273 0.0413834 0.0611548 0.587511 -0.066417 0.804164
348 -0.107902 -0.0943489 0.0478293 0.0628493 0.582485 -0.0671034 0.807625
349 -0.109135 -0.092072 0.0576048 0.0632941 0.57462 -0.0658976 0.813304
350 -0.108769 -0.0925336 0.0624001 0.0634012 0.571113 -0.0659259 0.815759
351 -0.109122 -0.0917752 0.0675318 0.0637296 0.568908 -0.0663579 0.817238
352 -0.109304 -0.0904269 0.0721945 0.0636316 0.56731 -0.0661923 0.81837
353 -0.108699 -0.0906596 0.0775366 0.0629116 0.565192 -0.0659655 0.819908
354 -0.108997 -0.0887411 0.0826987 0.0627855 0.562858 -0.0655827 0.821552
355 -0.108364 -0.0882831 0.0878711 0.0618739 0.560388 -0.0648762 0.823364
356 -0.107698 -0.0884559 0.0941111 0.0610307 0.558062 -0.0649279 0.825001
357 -0.107834 -0.0865681 0.0999819 0.0611368 0.556302 -0.0651402 0.826164
358 -0.108382 -0.0841904 0.105865 0.0607911 0.555199 -0.0646109 0.826973
359 -0.108417 -0.0823429 0.112493 0.0598772 0.554306 -0.0640039 0.827686
360 -0.108441 -0.0816653 0.119542 0.0589675 0.553683 -0.0630162 0.828243
361 -0.108345 -0.0813575 0.126736 0.0584745 0.552863 -0.0621923 0.828888
362 -0.108101 -0.0817997 0.134661 0.0584312 0.552167 -0.0623687 0.829342
363 -0.108462 -0.0805025 0.142489 0.0591101 0.551973 -0.0626906 0.829399
364 -0.10905 -0.0789747 0.150132 0.0590129 0.551563 -0.0624793 0.829694
365 -0.109127 -0.0793476 0.158765 0.0582269 0.551378 -0.0624059 0.829878
366 -0.109169 -0.0797505 0.166758 0.0584533 0.551852 -0.0623068 0.829554
367 -0.109516 -0.079603 0.175084 0.0589025 0.5532 -0.0618326 0.82866
368 -0.110534 -0.0786259 0.183077 0.0590207 0.554911 -0.0608181 0.827582
369 -0.11095 -0.0783587 0.191628 0.0587413 0.556841 -0.0599324 0.826369
370 -0.111256 -0.0774415 0.199405 0.0582016 0.559074 -0.0593777 0.824938
371 -0.111822 -0.0763445 0.206901 0.0568366 0.562171 -0.0587137 0.822974
372 -0.112406 -0.0755267 0.2147 0.0552419 0.566235 -0.0578753 0.820351
373 -0.113127 -0.0741885 0.222449 0.0535283 0.570927 -0.0573391 0.817245
374 -0.113471 -0.0731807 0.229791 0.0513102 0.576433 -0.0564661 0.813575
375 -0.11305 -0.0740836 0.237735 0.0484836 0.582337 -0.0558154 0.809579
376 -0.111961 -0.0743787 0.251695 0.0440386 0.594486 -0.0561876 0.800931
377 -0.11067 -0.0752518 0.258661 0.0417392 0.601113 -0.056791 0.79605
378 -0.109361 -0.0753636 0.264699 0.0401667 0.607135 -0.057183 0.79152
379 -0.107091 -0.0761364 0.270447 0.0389855 0.613197 -0.0572795 0.786885
380 -0.10526 -0.076839 0.27587 0.0381399 0.619272 -0.0575941 0.782132
381 -0.103621 -0.0768714 0.280951 0.03758 0.625639 -0.0576594 0.777071
382 -0.10154 -0.0775537 0.285803 0.0371323 0.63217 -0.0578743 0.771772
383 -0.0993197 -0.0779357 0.289861 0.0374002 0.638826 -0.0584466 0.766216
384 -0.0974688 -0.0771873 0.292488 0.0383267 0.645534 -0.0592753 0.760463
385 -0.095064 -0.0776694 0.294747 0.0392851 0.65242 -0.0607162 0.7544
386 -0.0921246 -0.0797613 0.297128 0.0404531 0.660548 -0.062476 0.747085
387 -0.0900215 -0.080972 0.298137 0.0411165 0.669513 -0.0633816 0.738949
388 -0.0883683 -0.0810537 0.299151 0.0402671 0.67835 -0.0643228 0.730809
389 -0.0852893 -0.0843456 0.300676 0.0390881 0.686795 -0.0649913 0.722884
390 -0.0828946 -0.0846574 0.302148 0.0392033 0.694413 -0.0669833 0.715378
391 -0.0809049 -0.0843985 0.302636 0.038512 0.702157 -0.0678787 0.707732
392 -0.0798183 -0.0826588 0.303293 0.0378634 0.710812 -0.0683535 0.699028
393 -0.0789275 -0.0805094 0.304247 0.0373409 0.719993 -0.0686226 0.689569
394 -0.0765416 -0.0808005 0.30496 0.0368007 0.728527 -0.0680176 0.680637
395 -0.073603 -0.0809219 0.305266 0.0368854 0.736563 -0.0678751 0.671942
396 -0.0716744 -0.0798225 0.305424 0.0374925 0.744837 -0.0672359 0.662791
397 -0.0696576 -0.0777032 0.304858 0.0372346 0.752741 -0.0670832 0.653831
398 -0.065829 -0.0796039 0.303583 0.0361196 0.760312 -0.067195 0.645063
399 -0.0622891 -0.0806651 0.304428 0.0351984 0.767984 -0.0682985 0.635844
400 -0.058756 -0.0810065 0.305416 0.0350604 0.77589 -0.0695725 0.626039
401 -0.0539563 -0.0814986 0.306062 0.0351686 0.783859 -0.070468 0.615924
402 -0.0500172 -0.0808105 0.308082 0.0347912 0.790819 -0.0716676 0.606843
403 -0.0456431 -0.0814114 0.307462 0.0334555 0.797208 -0.072419 0.598411
404 -0.0408735 -0.081934 0.30954 0.0310748 0.804213 -0.0731674 0.589001
405 -0.0357074 -0.0836468 0.312966 0.028737 0.811922 -0.0735629 0.578398
406 -0.0313411 -0.0845189 0.315694 0.0266814 0.819802 -0.073745 0.567251
407 -0.0268901 -0.0848916 0.31939 0.0251798 0.827976 -0.0731037 0.555407
408 -0.0209143 -0.0884953 0.323077 0.0238748 0.835801 -0.0723849 0.543715
409 -0.0154678 -0.0914693 0.32871 0.0233127 0.843462 -0.0727795 0.531726
410 -0.0130151 -0.0898304 0.331096 0.0232095 0.851462 -0.072696 0.518835
411 -0.00877665 -0.0890653 0.338665 0.0223075 0.85995 -0.0714537 0.504859
412 -0.00332457 -0.0899196 0.346947 0.0214885 0.867929 -0.070222 0.491229
413 0.000664353 -0.0872529 0.351442 0.0212221 0.875249 -0.0698867 0.478126
414 0.00288811 -0.0803161 0.357855 0.0209593 0.882261 -0.0685829 0.465266
415 0.00869277 -0.0798001 0.364801 0.018595 0.888545 -0.065521 0.453706
416 0.0146329 -0.0814631 0.367364 0.0157372 0.893959 -0.0635176 0.443345
417 0.0161679 -0.0779934 0.367162 0.0136145 0.898981 -0.062514 0.43329
418 0.0236318 -0.0809486 0.374374 0.0102017 0.904616 -0.0605539 0.421781
419 0.0308509 -0.083971 0.375301 0.00750456 0.909392 -0.0606746 0.411422
420 0.0343334 -0.0790529 0.376699 0.00625326 0.913499 -0.062637 0.401943
421 0.0425999 -0.0717371 0.379676 0.00287524 0.921071 -0.0622326 0.384378
422 0.0496941 -0.0706093 0.380216 0.00122516 0.924699 -0.0616351 0.375674
423 0.0553312 -0.0673506 0.378746 -0.000236353 0.927788 -0.061619 0.367985
424 0.0633453 -0.0683234 0.376744 -0.0023256 0.931018 -0.0607793 0.35987
425 0.0724811 -0.0684762 0.376562 -0.00383975 0.934051 -0.061389 0.351804
426 0.0783581 -0.0648172 0.371952 -0.00446108 0.936696 -0.0625617 0.344479
427 0.0884793 -0.0632088 0.368847 -0.00587176 0.939492 -0.0630547 0.336665
428 0.0995331 -0.0621114 0.36766 -0.00661268 0.942052 -0.0637587 0.329287
429 0.108083 -0.0584424 0.360611 -0.00656116 0.944172 -0.0648661 0.322937
430 0.117935 -0.0539246 0.357152 -0.00665829 0.946523 -0.0651495 0.31592
431 0.130624 -0.0526865 0.352487 -0.00687044 0.948841 -0.0642541 0.309071
432 0.142727 -0.0515292 0.346723 -0.0068079 0.95075 -0.0639142 0.303222
433 0.153168 -0.04691 0.33764 -0.00550638 0.952668 -0.0639153 0.297167
434 0.167079 -0.0460327 0.332404 -0.00410532 0.954834 -0.062306 0.290503
435 0.184033 -0.0506258 0.325477 -0.00275013 0.956691 -0.0609613 0.284637
436 0.202615 -0.0571887 0.31689 -0.000968787 0.958067 -0.0620129 0.279754
437 0.217144 -0.0589504 0.308635 0.0014791 0.958786 -0.0662935 0.276283
438 0.225251 -0.0536697 0.296596 0.00480584 0.959306 -0.0712663 0.273185
439 0.231668 -0.0447087 0.287108 0.00764342 0.960221 -0.0738379 0.269192
440 0.239978 -0.0376186 0.278698 0.00845726 0.96154 -0.072965 0.264661
441 0.254548 -0.0393307 0.269429 0.00708475 0.963268 -0.0696697 0.259251
442 0.282052 -0.0451341 0.251761 0.00636949 0.966206 -0.0675212 0.24869
443 0.292927 -0.045054 0.240431 0.00688555 0.967477 -0.0685012 0.243412
444 0.303506 -0.0427549 0.231722 0.00734986 0.968785 -0.0695336 0.237838
445 0.314383 -0.0436156 0.222405 0.00679547 0.969987 -0.0696772 0.232862
446 0.322842 -0.0409756 0.214211 0.00646063 0.97109 -0.0706569 0.227927
447 0.330973 -0.0394456 0.206532 0.00607932 0.972323 -0.0706414 0.222621
448 0.339382 -0.0379956 0.198106 0.00580873 0.973787 -0.0705211 0.216176
449 0.346655 -0.0336065 0.19225 0.00631105 0.975269 -0.0701329 0.209506
450 0.356997 -0.033658 0.186585 0.00552472 0.976707 -0.0687275 0.203199
451 0.367538 -0.0343697 0.180025 0.00437223 0.97797 -0.0681198 0.197268
452 0.37604 -0.0311098 0.17337 0.00376293 0.979047 -0.0682274 0.191826
453 0.386562 -0.0309308 0.167594 0.00304118 0.980135 -0.0670595 0.186626
454 0.397835 -0.0301929 0.162293 0.00255768 0.981026 -0.0666268 0.182048
455 0.407037 -0.0272639 0.155251 0.00246904 0.981739 -0.0661076 0.17836
456 0.417111 -0.024555 0.150142 0.00221812 0.982551 -0.0647795 0.174334
457 0.429967 -0.0261385 0.147593 0.00198765 0.983518 -0.06269 0.169583
458 0.443787 -0.0292404 0.141282 0.00236377 0.984384 -0.0621052 0.164699
459 0.452903 -0.0249016 0.13721 0.00502018 0.984991 -0.0634252 0.160453
460 0.46498 -0.0228243 0.134289 0.00763649 0.985853 -0.0629949 0.155139
461 0.477172 -0.0240669 0.128653 0.00956047 0.986612 -0.0625619 0.150302
462 0.487024 -0.0221775 0.122131 0.0111169 0.987269 -0.0633424 0.145481
463 0.495501 -0.0184793 0.119204 0.0114152 0.988013 -0.064064 0.139985
464 0.503848 -0.0144713 0.11619 0.0107585 0.988988 -0.0631939 0.133396
465 0.517515 -0.0157754 0.114073 0.00918027 0.990216 -0.061002 0.125167
466 0.529522 -0.0142787 0.1117 0.00834303 0.991198 -0.0601953 0.117614
467 0.540583 -0.0104523 0.111558 0.00834201 0.9922 -0.0588164 0.109592
468 0.550693 -0.00881481 0.110758 0.00814282 0.993173 -0.0563146 0.101831
469 0.560995 -0.00509858 0.111266 0.00769158 0.994211 -0.0539816 0.0925767
470 0.572533 -0.00360203 0.109685 0.00651299 0.995215 -0.0504451 0.0834266
471 0.583879 -0.00420499 0.107146 0.0052431 0.996042 -0.0471141 0.0751834
472 0.594675 -0.00444722 0.10356 0.0046227 0.996683 -0.0452072 0.0675182
473 0.600714 -0.0035069 0.0958662 0.00464417 0.997134 -0.0440804 0.0613184
474 0.609993 -0.00145912 0.0941353 0.00479113 0.997651 -0.0428653 0.0532232
475 0.62073 -0.00135279 0.0920558 0.00484231 0.998132 -0.0411084 0.0449323
476 0.629579 -0.00201273 0.0839458 0.00428166 0.998447 -0.039923 0.0386091
477 0.643395 -0.00103879 0.0881972 0.00381072 0.998778 -0.0392922 0.0297397
478 0.651294 0.00172901 0.0873027 0.0028792 0.998966 -0.0388343 0.0234817
479 0.662479 0.00398374 0.0900116 0.00141156 0.99919 -0.0371268 0.0154482
480 0.670831 0.00151277 0.0844083 4.31229e-05 0.999349 -0.0348156 0.00949309
481 0.681533 0.00191879 0.0863781 -0.000575825 0.9994 -0.0345322 0.00257037
482 0.691063 0.00423574 0.0855021 -0.000553764 0.999399 -0.0344005 -0.0041808
483 0.696617 0.004426 0.0809507 -0.00041167 0.999408 -0.0333382 -0.0084878
484 0.70673 0.000794172 0.0769567 -0.00023261 0.999387 -0.0322526 -0.0135976
485 0.716646 -0.00261807 0.0749011 0.000535218 0.999264 -0.0338248 -0.0181053
486 0.723173 0.000880957 0.0719624 0.00176235 0.99905 -0.0372622 -0.0225237
487 0.722793 0.00321364 0.0637145 0.00284649 0.998936 -0.0385733 -0.0251351
488 0.728297 0.00352335 0.0596261 0.00322924 0.998748 -0.0386236 -0.031641
489 0.732996 0.00380516 0.0511608 0.00327305 0.998501 -0.0388098 -0.0384629
490 0.739241 0.00445461 0.0469084 0.00302843 0.998192 -0.0388548 -0.0457558
491 0.739894 0.00296831 0.0348849 0.00224879 0.997998 -0.0389449 -0.0497833
492 0.742208 0.00291109 0.0232177 0.000592182 0.997693 -0.040056 -0.0548126
493 0.743819 0.00735331 0.0155301 -0.00177496 0.997309 -0.0415788 -0.0603532
494 0.743914 0.0095768 0.00428867 -0.00421558 0.997003 -0.0410062 -0.0654706
495 0.742814 0.00862002 -0.00320339 -0.00649283 0.996835 -0.0400082 -0.0683855
496 0.746356 0.0113704 -0.00993538 -0.00784802 0.996499 -0.0402724 -0.0728506
497 0.74468 0.011775 -0.0216808 -0.00837891 0.996285 -0.0396954 -0.0759564
498 0.746131 0.0125871 -0.0282798 -0.00826113 0.995892 -0.0397478 -0.0809393
499 0.746167 0.0134304 -0.0391617 -0.007754 0.995459 -0.0399294 -0.0860591
500 0.747362 0.0145643 -0.050374 -0.00731075 0.995031 -0.0403202 -0.0907444
501 0.751214 0.016645 -0.0566216 -0.00719232 0.994536 -0.0403691 -0.0960088
502 0.753415 0.015589 -0.0702448 -0.00725678 0.994113 -0.0397887 -0.100517
503 0.75236 0.0182934 -0.0815964 -0.00723534 0.99376 -0.0402707 -0.103761
504 0.748302 0.0191891 -0.0954823 -0.0071045 0.993477 -0.0392943 -0.106817
505 0.748358 0.0155826 -0.104488 -0.00670785 0.993027 -0.0381891 -0.111328
506 0.748532 0.0138369 -0.116411 -0.00606128 0.992497 -0.0394425 -0.11557
507 0.740598 0.0158529 -0.126764 -0.00500434 0.992115 -0.0413022 -0.118227
508 0.744555 0.0166447 -0.137033 -0.00394675 0.991658 -0.0419146 -0.121825
509 0.749623 0.0143783 -0.152683 -0.00252726 0.991094 -0.0415908 -0.126478
510 0.752743 0.00948143 -0.165465 -0.000796975 0.990522 -0.0420766 -0.130751
511 0.749314 0.00796723 -0.179124 0.000303222 0.989911 -0.0443702 -0.134567
512 0.755019 0.00880933 -0.19082 0.000798588 0.988947 -0.0463572 -0.140833
513 0.756672 0.00643206 -0.202906 0.000857831 0.988178 -0.0469931 -0.145931
514 0.762653 0.00320411 -0.215704 0.000895723 0.987251 -0.0484066 -0.151626
515 0.766183 0.00298786 -0.229987 0.000353175 0.986279 -0.0506515 -0.157121
516 0.761636 0.00571895 -0.228589 -0.000152099 0.985594 -0.05242 -0.160801
517 0.777496 0.00371146 -0.250619 -0.000654055 0.984416 -0.0525947 -0.167805
518 0.767771 0.00113273 -0.245602 -0.001102 0.983824 -0.0531688 -0.171065
519 0.760102 -0.000745058 -0.24499 -0.00234281 0.983175 -0.055048 -0.174158
520 0.757561 0.000898123 -0.253088 -0.00378852 0.982321 -0.0575805 -0.178089
521 0.759903 0.0041697 -0.260092 -0.0054961 0.981473 -0.0587414 -0.182289
522 0.748592 0.00576067 -0.253745 -0.00708313 0.98112 -0.0582828 -0.184275
523 0.76725 0.00364208 -0.276546 -0.00856676 0.979798 -0.0571655 -0.191456
524 0.767004 0.00394344 -0.281672 -0.00970957 0.978946 -0.0570952 -0.195731
525 0.775745 0.00669551 -0.295632 -0.010601 0.97785 -0.056655 -0.201214
526 0.777172 0.00537801 -0.305045 -0.0109157 0.976925 -0.0550002 -0.206089
527 0.780376 0.00566888 -0.309891 -0.0112491 0.975916 -0.0546791 -0.210885
528 0.795056 0.00614142 -0.331778 -0.0120256 0.974286 -0.0540274 -0.218413
529 0.791494 0.00564337 -0.333288 -0.012698 0.973459 -0.0530378 -0.222268
530 0.800653 0.00575495 -0.349375 -0.0134112 0.972023 -0.0524668 -0.228557
531 0.801351 0.0065577 -0.357843 -0.0138925 0.970946 -0.0517468 -0.233223
532 0.799834 0.00730014 -0.363251 -0.0141793 0.970249 -0.0510371 -0.236242
533 0.808272 0.00781274 -0.379479 -0.0140859 0.968855 -0.0500439 -0.24211
534 0.81441 0.00441623 -0.395112 -0.013873 0.967648 -0.048914 -0.247129
535 0.811874 0.00509906 -0.399121 -0.0139034 0.966673 -0.0493825 -0.250823
536 0.82083 0.00542259 -0.417243 -0.0139483 0.96511 -0.0491692 -0.256809
537 0.821088 0.00500584 -0.425963 -0.0137673 0.964031 -0.0488089 -0.260908
538 0.819257 0.00489902 -0.434186 -0.0138294 0.963004 -0.0485699 -0.264712
539 0.822685 0.00247264 -0.449382 -0.0143334 0.961748 -0.0479241 -0.269331
540 0.823861 -0.000334501 -0.459126 -0.014692 0.960608 -0.0482049 -0.273298
541 0.826692 0.000938892 -0.473238 -0.0152803 0.959464 -0.049385 -0.277049
542 0.828005 0.0033102 -0.47889 -0.0160605 0.958361 -0.0491267 -0.280844
543 0.82876 0.00144386 -0.489566 -0.0175662 0.957532 -0.0475413 -0.283838
544 0.831793 0.00183773 -0.502312 -0.0193003 0.956642 -0.0463968 -0.286897
545 0.833383 0.000339985 -0.509118 -0.0207187 0.955945 -0.0443493 -0.289435
546 0.835815 -0.0024569 -0.521702 -0.021817 0.95513 -0.0429369 -0.292246
547 0.83252 -0.00294495 -0.525331 -0.022739 0.954446 -0.0426375 -0.294445
548 0.83391 -0.00280261 -0.532221 -0.023335 0.953455 -0.0421219 -0.297666
549 0.8335 -0.00586033 -0.539038 -0.0232158 0.952534 -0.0416026 -0.300682
550 0.834129 -0.00643826 -0.547375 -0.0231019 0.95144 -0.0422215 -0.30405
551 0.837737 -0.00853634 -0.555702 -0.0231507 0.950087 -0.0423784 -0.308225
552 0.836443 -0.00844502 -0.558178 -0.0229296 0.948888 -0.0433983 -0.311771
553 0.837363 -0.00714254 -0.565639 -0.0226265 0.947445 -0.0438617 -0.31609
554 0.838091 -0.0107203 -0.573657 -0.0215553 0.946145 -0.043332 -0.320106
555 0.838178 -0.0139565 -0.582549 -0.020695 0.944925 -0.0443765 -0.323605
556 0.837583 -0.0112145 -0.586936 -0.0203817 0.943824 -0.0466494 -0.326505
557 0.835725 -0.00875139 -0.593452 -0.0196625 0.942723 -0.046801 -0.329692
558 0.835267 -0.0118489 -0.598637 -0.0186499 0.941399 -0.0457726 -0.333655
559 0.834132 -0.0119677 -0.601834 -0.0176814 0.939989 -0.0463662 -0.337578
560 0.837871 -0.0115261 -0.610384 -0.0168254 0.938125 -0.0468289 -0.342702
561 0.836556 -0.0130248 -0.61332 -0.0163805 0.93667 -0.0470113 -0.346658
562 0.838912 -0.0137219 -0.622953 -0.0164548 0.93481 -0.0478288 -0.351529
563 0.839605 -0.0118902 -0.629094 -0.0165716 0.933049 -0.04884 -0.356034
564 0.843619 -0.00998735 -0.641299 -0.0165052 0.930722 -0.0487855 -0.362082
565 0.84481 -0.00955534 -0.648149 -0.0163218 0.928545 -0.0478856 -0.367757
566 0.846731 -0.00953388 -0.654697 -0.0163802 0.926403 -0.0471773 -0.373207
567 0.849639 -0.0078814 -0.664051 -0.0166085 0.924221 -0.0467444 -0.378623
568 0.852184 -0.00690794 -0.67518 -0.0163234 0.922186 -0.0456877 -0.383692
569 0.851249 -0.0104041 -0.685333 -0.0158245 0.920401 -0.0444931 -0.388114
570 0.850176 -0.0124807 -0.694179 -0.0166314 0.918681 -0.0451237 -0.392061
571 0.850454 -0.00864792 -0.703547 -0.0183442 0.916777 -0.0463654 -0.396274
572 0.850151 -0.00876474 -0.713521 -0.0195743 0.914977 -0.045209 -0.400487
573 0.84744 -0.0108716 -0.720701 -0.0206908 0.913616 -0.0448514 -0.403566
574 0.846317 -0.0082972 -0.731202 -0.0218659 0.912245 -0.0455152 -0.406522
575 0.845667 -0.00516415 -0.73916 -0.0227576 0.910961 -0.0445971 -0.409443
576 0.844273 -0.00776029 -0.749107 -0.0229629 0.909538 -0.0427507 -0.412778
577 0.843579 -0.00780654 -0.759295 -0.0234516 0.907967 -0.0426279 -0.416208
578 0.843256 -0.00556231 -0.769245 -0.0240387 0.906377 -0.0423314 -0.419655
579 0.842871 -0.00521827 -0.780364 -0.0239405 0.905107 -0.0414582 -0.422481
580 0.841397 -0.00613451 -0.790413 -0.0235871 0.904174 -0.0410138 -0.424536
581 0.840061 -0.00458026 -0.802515 -0.0231883 0.903165 -0.0413534 -0.426667
582 0.840038 -0.00171661 -0.812776 -0.0226309 0.901935 -0.0408685 -0.429337
583 0.838151 -0.00299144 -0.824866 -0.0217274 0.900465 -0.0391318 -0.43262
584 0.836995 -0.00302672 -0.837053 -0.0211178 0.898836 -0.0382836 -0.436098
585 0.836869 -0.000292778 -0.849113 -0.0203473 0.897084 -0.0372317 -0.439817
586 0.835725 -0.000279188 -0.859412 -0.0187045 0.895198 -0.0350279 -0.443897
587 0.833524 -0.00446844 -0.888478 -0.0143685 0.890814 -0.032361 -0.452987
588 0.831779 -0.00658417 -0.898872 -0.0121373 0.888929 -0.0326784 -0.456716
589 0.829462 -0.00906897 -0.911128 -0.0101801 0.887453 -0.0338081 -0.459544
590 0.828436 -0.00716424 -0.923477 -0.00916441 0.885778 -0.0357064 -0.462644
591 0.827486 -0.00553918 -0.938537 -0.00845936 0.883846 -0.0358734 -0.466324
592 0.825868 -0.00643396 -0.951859 -0.00791356 0.881659 -0.0348358 -0.470533
593 0.824601 -0.00722957 -0.964563 -0.00782558 0.879481 -0.0337852 -0.474669
594 0.822067 -0.00694537 -0.974384 -0.00821808 0.877715 -0.0325052 -0.478009
595 0.820458 -0.00951958 -0.988136 -0.00818122 0.875643 -0.030871 -0.481902
596 0.817752 -0.0122349 -0.999221 -0.0081142 0.873718 -0.0304476 -0.48541
597 0.816272 -0.0130787 -1.01385 -0.0078987 0.87149 -0.030868 -0.489376
598 0.813216 -0.0160947 -1.02457 -0.00746436 0.869693 -0.0311053 -0.492555
599 0.811239 -0.0170498 -1.03669 -0.00805638 0.867899 -0.0321533 -0.495633
600 0.808204 -0.0180848 -1.04777 -0.0093206 0.866339 -0.0325575 -0.498307
601 0.806285 -0.0191593 -1.06131 0.0108924 -0.864646 0.0326302 0.501202
602 0.802782 -0.0203552 -1.0709 0.0122577 -0.863154 0.0324088 0.503751
603 0.799389 -0.0217817 -1.07968 0.0135114 -0.86176 0.0322974 0.506106
604 0.796536 -0.021517 -1.08908 0.0145297 -0.860109 0.0325273 0.508865
605 0.794095 -0.0194135 -1.0975 0.0150866 -0.858626 0.0326897 0.511336
606 0.791976 -0.0197182 -1.11129 0.0146259 -0.856992 0.0321508 0.514117
607 0.788803 -0.022064 -1.12054 0.0143613 -0.85574 0.0316895 0.516236
608 0.787251 -0.0197396 -1.13052 0.0151014 -0.854228 0.0324335 0.518666
609 0.785339 -0.0161257 -1.13963 0.015465 -0.852383 0.032047 0.521706
610 0.784169 -0.0163102 -1.15433 0.0145625 -0.850243 0.0305485 0.525301
611 0.781276 -0.0174358 -1.16411 0.0131936 -0.84841 0.0297351 0.52834
612 0.779175 -0.0156522 -1.17226 0.0119086 -0.846912 0.0301275 0.530746
613 0.777396 -0.0139968 -1.1865 0.010032 -0.845293 0.030156 0.533357
614 0.776144 -0.0130129 -1.19565 0.00830605 -0.843773 0.0296504 0.535816
615 0.774798 -0.0107784 -1.20773 0.00723294 -0.841983 0.0289566 0.538678
616 0.773043 -0.00992393 -1.21949 0.00612872 -0.839832 0.0274262 0.542119
617 0.772224 -0.00887847 -1.23346 0.00502002 -0.83732 0.025735 0.546085
618 0.771411 -0.00920248 -1.24995 0.00379129 -0.834397 0.0238211 0.550636
619 0.768738 -0.0107584 -1.25941 0.00234573 -0.83139 0.0225358 0.555228
620 0.767333 -0.0108533 -1.27053 0.00113438 -0.828613 0.0222239 0.559379
621 0.765628 -0.00950885 -1.28227 6.29955e-05 -0.826037 0.0217882 0.563195
622 0.763552 -0.0109344 -1.29369 -0.000948635 -0.823109 0.020574 0.56751
623 0.760755 -0.0127094 -1.30557 -0.00118967 -0.820254 0.0199804 0.571649
624 0.758171 -0.0117149 -1.31635 -0.00079098 -0.817382 0.0197442 0.575756
625 0.756517 -0.0101912 -1.32659 -0.000611989 -0.814343 0.019037 0.580072
626 0.754033 -0.010757 -1.33741 -0.00154137 -0.810577 0.0178169 0.585359
627 0.750498 -0.0133717 -1.34759 -0.00311829 -0.806716 0.0172996 0.590678
628 0.748209 -0.0129185 -1.35434 -0.00396026 -0.803088 0.0179523 0.595578
629 0.744585 -0.0133941 -1.36452 -0.00507399 -0.798983 0.0180791 0.601061
630 0.740892 -0.0149999 -1.37354 -0.00640244 -0.794731 0.0185794 0.606644
631 0.737354 -0.0140564 -1.37978 -0.00736541 -0.790986 0.0195991 0.611476
632 0.733598 -0.0158019 -1.39099 -0.00865394 -0.786702 0.0199231 0.61695
633 0.728487 -0.0179777 -1.39927 -0.00938907 -0.78302 0.0207222 0.62158
634 0.724548 -0.0182142 -1.40518 -0.00932357 -0.779759 0.0221951 0.625616
635 0.721375 -0.0171096 -1.41511 -0.0089325 -0.7758 0.0233287 0.630485
636 0.717035 -0.0180357 -1.42266 -0.00875918 -0.772073 0.0235111 0.635039
637 0.713953 -0.0169215 -1.4313 -0.00749969 -0.768268 0.0239412 0.639637
638 0.708896 -0.0151973 -1.43759 -0.00660227 -0.764656 0.023571 0.643974
639 0.704857 -0.0143938 -1.444 -0.00602244 -0.76146 0.0228734 0.64778
640 0.699768 -0.0137401 -1.45109 -0.00566497 -0.758533 0.0221784 0.651233
641 0.694241 -0.0128462 -1.45645 -0.00553859 -0.756103 0.0214832 0.654077
642 0.689531 -0.0115414 -1.46371 -0.00580082 -0.753392 0.0209718 0.657212
643 0.683654 -0.0108173 -1.46908 -0.00615522 -0.751093 0.0207105 0.659843
644 0.678566 -0.00907326 -1.47598 -0.0064332 -0.748561 0.0207816 0.662709
645 0.67185 -0.00764942 -1.48021 -0.00694527 -0.746578 0.0206358 0.664941
646 0.664152 -0.0084548 -1.48634 -0.00788525 -0.744407 0.0205453 0.667363
647 0.657105 -0.00790071 -1.49109 -0.00839874 -0.742289 0.0214997 0.669682
648 0.649559 -0.00523615 -1.49643 -0.00858274 -0.740259 0.0225156 0.67189
649 0.634898 0.00182152 -1.50649 -0.0107183 -0.73571 0.0215228 0.67687
650 0.616543 0.00119114 -1.51741 -0.0148919 -0.730873 0.0197006 0.682066
651 0.606684 2.59876e-05 -1.52348 -0.016714 -0.728028 0.0195208 0.685066
652 0.595817 -0.0035491 -1.52793 -0.0180295 -0.725466 0.020222 0.687725
653 0.584912 -0.00339365 -1.53171 -0.017613 -0.72294 0.0221268 0.690331
654 0.574965 -0.00145888 -1.53809 -0.016393 -0.719921 0.0225441 0.693497
655 0.563608 -0.00247335 -1.54253 -0.01555 -0.716893 0.0211283 0.696689
656 0.552463 -0.00324845 -1.5464 -0.0143311 -0.713908 0.0196281 0.699818
657 0.540606 -0.00523281 -1.55124 -0.0134967 -0.710938 0.0179128 0.702897
658 0.52814 -0.00857735 -1.55448 -0.0125438 -0.708072 0.016827 0.705828
659 0.516754 -0.0101624 -1.5583 -0.0110247 -0.704907 0.0169574 0.709011
660 0.503957 -0.0131965 -1.56237 -0.00981352 -0.702092 0.0171292 0.711812
661 0.491324 -0.0169523 -1.56377 -0.00823177 -0.699671 0.0181898 0.714186
662 0.480009 -0.0166764 -1.56757 -0.00590991 -0.697002 0.0207181 0.716745
663 0.469331 -0.0138803 -1.57396 -0.00417607 -0.693623 0.022488 0.719974
664 0.458196 -0.0146656 -1.57709 -0.0040826 -0.690616 0.0226824 0.722855
665 0.44641 -0.0172212 -1.58083 -0.00426478 -0.687929 0.0232366 0.725393
666 0.435027 -0.0203466 -1.58222 -0.00443297 -0.685978 0.0248064 0.727186
667 0.423222 -0.0248716 -1.58539 -0.0043624 -0.683858 0.0275395 0.729082
668 0.411507 -0.0263669 -1.58843 -0.00311233 -0.681669 0.0313236 0.730983
669 0.401263 -0.0260231 -1.59172 -0.00192006 -0.679313 0.0346536 0.733027
670 0.391117 -0.0264978 -1.59585 -0.00122173 -0.677152 0.0365292 0.734935
671 0.38093 -0.0296731 -1.6001 -0.000349601 -0.674814 0.0370637 0.737056
672 0.371515 -0.0305789 -1.60408 0.00136248 -0.672123 0.0374303 0.739492
673 0.362309 -0.0320942 -1.60815 0.00235115 -0.66892 0.0373501 0.742392
674 0.353264 -0.0344408 -1.61105 0.00286186 -0.665516 0.0371564 0.745453
675 0.343748 -0.0393262 -1.61458 0.00308397 -0.662007 0.0375152 0.748552
676 0.334584 -0.0427525 -1.61632 0.0041681 -0.659154 0.0393993 0.750964
677 0.325959 -0.0449984 -1.61973 0.00553644 -0.656338 0.0415194 0.753303
678 0.316592 -0.0474341 -1.62382 0.00702224 -0.653541 0.0435106 0.755607
679 0.308425 -0.0476799 -1.62914 0.00895005 -0.650563 0.044733 0.758081
680 0.300049 -0.049396 -1.63287 0.00992776 -0.647377 0.0447668 0.760789
681 0.291512 -0.0536318 -1.63714 0.0105276 -0.643956 0.0447866 0.763678
682 0.283235 -0.0569475 -1.64174 0.0117434 -0.640741 0.0457923 0.7663
683 0.274528 -0.0584431 -1.64634 0.0131591 -0.637695 0.0473511 0.76872
684 0.266469 -0.0597084 -1.6523 0.0144364 -0.634638 0.0483726 0.771159
685 0.25753 -0.0639431 -1.65802 0.0148213 -0.631384 0.0489004 0.773785
686 0.249059 -0.0681086 -1.66394 0.0160083 -0.627812 0.0505274 0.776558
687 0.240417 -0.0703034 -1.66981 0.0181586 -0.623947 0.0527983 0.77947
688 0.231848 -0.0725088 -1.67591 0.0202572 -0.6195 0.0545629 0.782836
689 0.223832 -0.074604 -1.68322 0.0224723 -0.61483 0.0555271 0.786382
690 0.214732 -0.0797887 -1.68975 0.0241564 -0.61012 0.0564599 0.789926
691 0.205818 -0.0842137 -1.69658 0.026186 -0.605231 0.0584577 0.793469
692 0.197813 -0.0851486 -1.70458 0.0280687 -0.600378 0.0613169 0.796868
693 0.190261 -0.0848532 -1.71367 0.0290013 -0.595384 0.0633346 0.800416
694 0.183179 -0.0844481 -1.72188 0.0288864 -0.590291 0.0641515 0.804119
695 0.175446 -0.0874023 -1.73002 0.0273139 -0.584605 0.0642994 0.808305
696 0.167387 -0.0913775 -1.73768 0.0256502 -0.578489 0.0646841 0.812717
697 0.158316 -0.0964622 -1.74465 0.0242219 -0.572622 0.0656696 0.816826
698 0.149827 -0.101087 -1.75125 0.0238686 -0.567433 0.0674197 0.820308
699 0.140929 -0.104831 -1.75861 0.0244224 -0.562446 0.0695061 0.823545
700 0.132585 -0.107636 -1.76535 0.0251978 -0.557243 0.0717292 0.826862
701 0.124476 -0.109281 -1.77229 0.0260323 -0.55175 0.0736573 0.830342
702 0.117243 -0.110637 -1.77766 0.0259828 -0.546436 0.0751096 0.833721
703 0.108131 -0.117542 -1.78221 0.0255369 -0.541574 0.0764631 0.836779
704 0.0994005 -0.122328 -1.7868 0.0271766 -0.537272 0.0789508 0.839266
705 0.0919204 -0.122473 -1.79145 0.0292294 -0.533046 0.0812772 0.841666
706 0.0838995 -0.126529 -1.79571 0.0301071 -0.528456 0.082328 0.844423
707 0.0753932 -0.131495 -1.79893 0.0316964 -0.523722 0.0827069 0.847272
708 0.069088 -0.128902 -1.80281 0.0339685 -0.518679 0.0826338 0.850288
709 0.0622191 -0.130429 -1.8068 0.0325924 -0.513618 0.0815275 0.853515
710 0.0532751 -0.139135 -1.80843 0.0314841 -0.510251 0.0810101 0.855622
711 0.0449443 -0.142041 -1.81107 0.0336261 -0.507353 0.0815859 0.857208
712 0.0397825 -0.138528 -1.81241 0.034736 -0.504839 0.0805493 0.858745
713 0.0310235 -0.146835 -1.81266 0.033062 -0.501947 0.0776794 0.860768
714 0.0217299 -0.154412 -1.81272 0.0345979 -0.499256 0.0770544 0.862327
715 0.0145397 -0.156221 -1.81041 0.0377692 -0.497441 0.0782205 0.863138
716 0.00764036 -0.15779 -1.80738 0.0398024 -0.496023 0.0789771 0.863794
717 -0.000206947 -0.162698 -1.80402 0.0414161 -0.494076 0.0792346 0.864809
718 -0.00841284 -0.166096 -1.80171 0.0442475 -0.491519 0.0801129 0.866044
719 -0.0163417 -0.168435 -1.79757 0.0472152 -0.489322 0.080895 0.867059
720 -0.0236373 -0.169094 -1.79256 0.0494376 -0.487105 0.081092 0.868164
721 -0.0319467 -0.171483 -1.78783 0.0512001 -0.484772 0.080838 0.86939
722 -0.0400853 -0.172482 -1.78193 0.0526394 -0.482651 0.0807685 0.870491
723 -0.048871 -0.174672 -1.77615 0.0532242 -0.480375 0.0805138 0.871737
724 -0.0580568 -0.177101 -1.76986 0.0543206 -0.478129 0.0811791 0.872841
725 -0.0667605 -0.17809 -1.76328 0.0571967 -0.476526 0.0827901 0.873383
726 -0.0766563 -0.179929 -1.75672 0.0601609 -0.475073 0.0843193 0.873829
727 -0.0861273 -0.181989 -1.74942 0.062698 -0.47362 0.0858315 0.874291
728 -0.0955205 -0.184278 -1.74166 0.0641958 -0.471801 0.0868486 0.875066
729 -0.104705 -0.185008 -1.73434 0.0646371 -0.469011 0.0873167 0.876485
730 -0.114508 -0.187288 -1.72742 0.064588 -0.4655 0.0874405 0.878346
731 -0.125076 -0.191356 -1.72021 0.0653228 -0.461208 0.087635 0.880534
732 -0.135184 -0.194346 -1.71141 0.0674615 -0.456897 0.0876323 0.882618
733 -0.1448 -0.197756 -1.70152 0.0694358 -0.453013 0.0868334 0.884544
734 -0.154115 -0.201056 -1.6922 0.0719901 -0.449105 0.085717 0.886439
735 -0.163133 -0.205206 -1.68244 0.074439 -0.44488 0.0846115 0.888472
736 -0.171752 -0.208266 -1.67318 0.0770511 -0.440293 0.0838686 0.890602
737 -0.180649 -0.211547 -1.66379 0.0810706 -0.435896 0.0845632 0.89234
738 -0.188854 -0.214087 -1.65422 0.0858581 -0.432122 0.0866957 0.893522
739 -0.196345 -0.216248 -1.64487 0.0900779 -0.429144 0.0891677 0.894299
740 -0.204029 -0.220269 -1.63531 0.0955183 -0.426979 0.0919446 0.894489
741 -0.21068 -0.22354 -1.62531 0.101652 -0.425073 0.0944521 0.89446
742 -0.215824 -0.224141 -1.61636 0.106306 -0.423208 0.0954825 0.894694
743 -0.221073 -0.225902 -1.60868 0.109373 -0.421469 0.094944 0.895202
744 -0.226588 -0.228542 -1.60156 0.112505 -0.420007 0.0938903 0.895612
745 -0.231698 -0.230273 -1.59461 0.11597 -0.418666 0.0932138 0.895869
746 -0.237309 -0.233363 -1.58815 0.120548 -0.417372 0.0932898 0.895861
747 -0.242688 -0.236914 -1.5815 0.126271 -0.416039 0.093995 0.895618
748 -0.247217 -0.239794 -1.57513 0.131689 -0.414545 0.0945601 0.895471
749 -0.251545 -0.242585 -1.5693 0.137174 -0.412945 0.0951946 0.89532
750 -0.25557 -0.244695 -1.5641 0.14254 -0.411516 0.095849 0.89507
751 -0.259362 -0.247376 -1.55923 0.147128 -0.410196 0.096542 0.894859
752 -0.263337 -0.249296 -1.55511 0.151867 -0.408972 0.0975791 0.894515
753 -0.267205 -0.251296 -1.55111 0.156258 -0.407809 0.0993053 0.894099
754 -0.27159 -0.252576 -1.54742 0.160672 -0.406913 0.101486 0.89348
755 -0.276252 -0.255255 -1.54325 0.164729 -0.40649 0.103681 0.892682
756 -0.281521 -0.258385 -1.53972 0.168468 -0.406067 0.105069 0.892014
757 -0.286846 -0.260054 -1.53572 0.1724 -0.405698 0.106616 0.891247
758 -0.292889 -0.263034 -1.5316 0.177226 -0.405295 0.109197 0.89017
759 -0.299883 -0.268103 -1.52786 0.183027 -0.405079 0.11151 0.888807
760 -0.306857 -0.271711 -1.52455 0.188569 -0.404902 0.113569 0.887467
761 -0.314289 -0.27558 -1.52178 0.193392 -0.404895 0.11492 0.886258
762 -0.322282 -0.279858 -1.51902 0.197741 -0.40483 0.116012 0.885185
763 -0.330739 -0.283916 -1.51634 0.201767 -0.4045 0.117172 0.884274
764 -0.33915 -0.288185 -1.51364 0.205599 -0.404078 0.118024 0.883471
765 -0.347594 -0.291903 -1.51086 0.209095 -0.40334 0.119082 0.882845
766 -0.356789 -0.29617 -1.50855 0.212485 -0.402257 0.120042 0.8824
767 -0.365772 -0.299948 -1.50609 0.215678 -0.400904 0.121314 0.882067
768 -0.374827 -0.304406 -1.5035 0.218933 -0.399538 0.122499 0.881721
769 -0.383914 -0.308954 -1.50091 0.222462 -0.39811 0.123187 0.881388
770 -0.393025 -0.312992 -1.49885 0.22559 -0.396382 0.123642 0.881307
771 -0.401979 -0.315599 -1.49689 0.228166 -0.394483 0.124377 0.881393
772 -0.411114 -0.318787 -1.49481 0.230769 -0.392534 0.125241 0.881463
773 -0.419784 -0.321175 -1.49248 0.23311 -0.390644 0.126677 0.881482
774 -0.42884 -0.322613 -1.49081 0.23501 -0.389046 0.128324 0.881446
775 -0.438161 -0.324511 -1.48905 0.237594 -0.387894 0.130176 0.880989
776 -0.44736 -0.327828 -1.48738 0.240922 -0.386757 0.132224 0.88028
777 -0.456357 -0.331375 -1.48593 0.244273 -0.385527 0.133434 0.879713
778 -0.464892 -0.333673 -1.48415 0.247022 -0.384079 0.134321 0.879444
779 -0.473142 -0.336371 -1.48247 0.24947 -0.382207 0.135222 0.87943
780 -0.481467 -0.338848 -1.48143 0.251593 -0.379921 0.135949 0.879704
781 -0.48918 -0.340166 -1.4802 0.25305 -0.377532 0.136225 0.880271
782 -0.496834 -0.341844 -1.47875 0.254347 -0.374936 0.136322 0.880992
783 -0.503904 -0.343092 -1.47741 0.256536 -0.372103 0.136321 0.881558
784 -0.510617 -0.34369 -1.47634 0.258319 -0.369029 0.135822 0.882406
785 -0.517275 -0.344638 -1.47516 0.259901 -0.365756 0.134836 0.883455
786 -0.523336 -0.346717 -1.47404 0.261457 -0.362352 0.13388 0.884544
787 -0.528662 -0.347606 -1.47247 0.262985 -0.35871 0.132628 0.885763
788 -0.534131 -0.347584 -1.47161 0.263588 -0.354616 0.131309 0.887427
789 -0.539363 -0.347633 -1.47035 0.264279 -0.350389 0.130409 0.889032
790 -0.544309 -0.347752 -1.46939 0.265235 -0.346156 0.130187 0.890437
791 -0.548603 -0.347191 -1.46818 0.266503 -0.342269 0.129893 0.891603
792 -0.5525 -0.34624 -1.46723 0.267296 -0.338507 0.128884 0.892947
793 -0.555831 -0.344978 -1.46614 0.267287 -0.335033 0.127148 0.894508
794 -0.559072 -0.343838 -1.46513 0.266668 -0.331856 0.124883 0.896194
795 -0.562198 -0.342657 -1.46371 0.266103 -0.329087 0.122115 0.897763
796 -0.564528 -0.341417 -1.46232 0.26426 -0.326443 0.119256 0.899655
797 -0.567351 -0.339766 -1.46141 0.261795 -0.323455 0.116452 0.90182
798 -0.56995 -0.337725 -1.46039 0.258966 -0.320529 0.114153 0.903973
799 -0.57226 -0.335465 -1.45917 0.256151 -0.318069 0.112062 0.905903
800 -0.574233 -0.333545 -1.45735 0.253627 -0.31627 0.109656 0.907537
801 -0.576303 -0.331195 -1.45574 0.252169 -0.314521 0.107765 0.908776
802 -0.577063 -0.330796 -1.45314 0.25173 -0.313091 0.10549 0.909658
803 -0.57805 -0.329976 -1.4512 0.251518 -0.311085 0.102844 0.910708
804 -0.578912 -0.328116 -1.44921 0.250889 -0.308651 0.100189 0.912004
805 -0.58003 -0.326396 -1.44776 0.249436 -0.305926 0.0974793 0.913613
806 -0.580449 -0.323027 -1.4461 0.247712 -0.303394 0.0947362 0.915214
807 -0.581474 -0.320298 -1.4441 0.245858 -0.300848 0.0925089 0.91678
808 -0.581553 -0.316148 -1.44199 0.243864 -0.298813 0.0905811 0.91817
809 -0.582192 -0.313448 -1.44005 0.241261 -0.296879 0.088585 0.919679
810 -0.583202 -0.309129 -1.43828 0.238805 -0.295267 0.0874664 0.920945
811 -0.583923 -0.305139 -1.43625 0.236709 -0.294465 0.0863487 0.921848
812 -0.584078 -0.30218 -1.43321 0.234766 -0.294118 0.0851153 0.92257
813 -0.584624 -0.298911 -1.43042 0.232734 -0.293493 0.0838335 0.923401
814 -0.585373 -0.295422 -1.42779 0.230107 -0.292495 0.0829112 0.924458
815 -0.585512 -0.290473 -1.42461 0.227015 -0.291698 0.0819441 0.92556
816 -0.586253 -0.286474 -1.42183 0.223464 -0.290854 0.0813495 0.926742
817 -0.586848 -0.282164 -1.41816 0.220463 -0.290526 0.08109 0.927586
818 -0.58702 -0.279706 -1.41367 0.217885 -0.290613 0.0804719 0.928221
819 -0.587616 -0.276737 -1.40923 0.215595 -0.290479 0.0797166 0.928863
820 -0.586963 -0.27426 -1.40336 0.213653 -0.290665 0.0781289 0.929388
821 -0.587122 -0.271281 -1.39832 0.212014 -0.290091 0.0752279 0.930182
822 -0.587593 -0.268783 -1.3932 0.208979 -0.288435 0.0730347 0.931557
823 -0.587854 -0.267405 -1.3871 0.206103 -0.286736 0.0712886 0.932857
824 -0.588077 -0.264488 -1.38098 0.204659 -0.28511 0.0689051 0.933852
825 -0.588462 -0.262729 -1.37463 0.203351 -0.28333 0.0668286 0.93483
826 -0.58897 -0.259021 -1.36871 0.202244 -0.28178 0.0641924 0.935722
827 -0.589119 -0.254653 -1.36314 0.199275 -0.280064 0.0609859 0.937088
828 -0.589738 -0.250825 -1.35693 0.195053 -0.277829 0.0580354 0.938828
829 -0.590201 -0.246747 -1.35109 0.190232 -0.275496 0.0553732 0.940663
830 -0.589892 -0.240929 -1.34435 0.185334 -0.273522 0.052615 0.942374
831 -0.590482 -0.236041 -1.33791 0.180302 -0.271685 0.050356 0.944003
832 -0.591416 -0.231903 -1.33092 0.176311 -0.270442 0.0487193 0.945199
833 -0.592187 -0.225925 -1.32434 0.173273 -0.269806 0.0470464 0.946027
834 -0.593561 -0.222656 -1.31797 0.16921 -0.269021 0.0451103 0.94708
835 -0.594321 -0.218329 -1.31117 0.165026 -0.267895 0.0429664 0.948237
836 -0.59548 -0.21518 -1.30462 0.161091 -0.266594 0.0404026 0.949392
837 -0.595759 -0.209642 -1.29869 0.156943 -0.264876 0.0370916 0.950702
838 -0.5961 -0.206644 -1.2922 0.15226 -0.262118 0.0336041 0.952356
839 -0.598322 -0.203735 -1.28781 0.148441 -0.258646 0.0305432 0.95401
840 -0.59971 -0.201176 -1.28242 0.145269 -0.255724 0.0288194 0.955339
841 -0.60115 -0.198497 -1.27733 0.14286 -0.253516 0.0276459 0.956324
842 -0.602193 -0.194449 -1.27208 0.140005 -0.251984 0.0263144 0.957189
843 -0.602915 -0.18883 -1.26739 0.136853 -0.250406 0.0244367 0.958108
844 -0.602929 -0.185082 -1.26225 0.132978 -0.248394 0.0220942 0.959234
845 -0.604098 -0.182383 -1.25782 0.129145 -0.245705 0.019964 0.960496
846 -0.604966 -0.176973 -1.25459 0.126263 -0.243095 0.0186919 0.961568
847 -0.605822 -0.172915 -1.25071 0.123094 -0.240717 0.0181709 0.962587
848 -0.606636 -0.166725 -1.24753 0.120576 -0.23854 0.017856 0.963453
849 -0.607458 -0.162386 -1.24408 0.117809 -0.236739 0.0180059 0.964236
850 -0.608493 -0.158907 -1.2402 0.115581 -0.235537 0.0179892 0.9648
851 -0.608139 -0.152938 -1.2365 0.113413 -0.234627 0.0178302 0.965282
852 -0.60909 -0.148578 -1.23378 0.110276 -0.232922 0.0168597 0.966076
853 -0.609411 -0.145589 -1.23042 0.107276 -0.230984 0.0157072 0.966898
854 -0.609046 -0.14183 -1.22716 0.105365 -0.22864 0.0142263 0.967688
855 -0.609481 -0.13864 -1.22463 0.103651 -0.225768 0.0128234 0.968566
856 -0.61058 -0.137371 -1.22185 0.102831 -0.22367 0.0122185 0.969148
857 -0.611799 -0.134821 -1.21958 0.10288 -0.22262 0.0119141 0.969388
858 -0.611449 -0.128162 -1.21799 0.102358 -0.222027 0.0115694 0.969584
859 -0.612129 -0.122812 -1.21691 0.100436 -0.220818 0.011177 0.970065
860 -0.612449 -0.119052 -1.21457 0.0982501 -0.220174 0.0107561 0.97044
861 -0.612588 -0.114573 -1.21284 0.0962971 -0.219652 0.0107311 0.970755
862 -0.612655 -0.107783 -1.21216 0.0941669 -0.218842 0.0103367 0.971151
863 -0.612462 -0.104093 -1.21062 0.0912863 -0.217792 0.00988852 0.971666
864 -0.613442 -0.102793 -1.20904 0.0888933 -0.216188 0.00974842 0.972248
865 -0.614748 -0.101063 -1.20808 0.0873166 -0.214898 0.010434 0.972669
866 -0.614547 -0.0979738 -1.20652 0.0862079 -0.214893 0.0110306 0.972763
867 -0.615213 -0.0938239 -1.20603 0.0848962 -0.214808 0.0106002 0.972902
868 -0.614553 -0.090184 -1.20519 0.0830367 -0.214371 0.0101936 0.973163
869 -0.61558 -0.0873642 -1.20501 0.0809136 -0.213109 0.00978981 0.973623
870 -0.616598 -0.0852935 -1.20447 0.0790925 -0.21216 0.00968722 0.973981
871 -0.617817 -0.0818436 -1.2041 0.0774804 -0.211666 0.00929492 0.974222
872 -0.618275 -0.0796037 -1.20278 0.0755597 -0.211384 0.00902943 0.974436
873 -0.619035 -0.0781143 -1.20164 0.0736544 -0.211175 0.00855487 0.974632
874 -0.620656 -0.0782537 -1.20003 0.0721349 -0.211056 0.00796821 0.974776
875 -0.621495 -0.077224 -1.19862 0.0714158 -0.211376 0.00751049 0.974763
876 -0.622442 -0.0768437 -1.19709 0.0707693 -0.211547 0.00744234 0.974774
877 -0.623589 -0.0769243 -1.19584 0.0706629 -0.211519 0.00765382 0.974786
878 -0.624487 -0.0757143 -1.19474 0.0707011 -0.211343 0.00772582 0.974821
879 -0.625197 -0.0765948 -1.19321 0.0705076 -0.211229 0.0080389 0.974857
880 -0.626299 -0.0762749 -1.19181 0.0712465 -0.21122 0.00848744 0.974801
